784471197
784369615
784366696
784366695
784366690
784302031
784311122
784363753
784324329
784363739
784371734
784324285
784468090
784320703
784468098
784393300
39880704
784358479
784319029
784319786
40125793
784360781
784313866
784312450
784369543
784463352
784339445
784312353
784312358
784485203
784339181
784449818
784493074
784369386
784371075
784363534
784318136
784327313
784373416
784364700
784331104
784364708
784378708
784303795
784303793
784304602
784341536
784328044
784377315
784331061
784370454
784409861
784560456
784319856
784371089
784371690
784319990
784315765
784485375
784378895
784398925
784366709
784334329
784366700
784302002
784311216
784302009
784359329
784527600
784398289
784493523
784337082
784369581
784463265
784371707
784315797
784366676
784315792
784319773
784319772
784358319
784322169
784423376
784476755
784492239
784359664
784456570
784409466
784419325
784304508
784304504
39943510
784419328
784315809
784319770
784366452
784364648
784485252
784546237
784339770
784477695
784320020
784378592
784369358
784317782
784320800
784337337
784319825
784337338
784492344
784386953
784321004
784341502
784468087
784395927
784482110
784393377
784398395
784366630
784303770
784303778
43979941
784334443
784302199
784302198
784362840
784319812
784313874
784312332
784312338
784327954
784316438
784394508
784332390
784539079
784408101
784339457
784359633
784486319
784312387
43233549
784371166
784332329
784331136
784378653
784304479
784448898
784378479
784324306
784324304
784485267
784364805
784408436
784317939
784408433
784408432
784336873
784311447
784487144
784485364
784319987
784371909
784398931
784302018
784362882
784316360
784368518
784366605
784408062
784408065
784408066
784319765
784339415
784372232
784409890
784365578
784304400
784368463
784369442
784409479
784312374
784485144
784407002
784408473
784492294
784369361
784361558
784363391
784369207
784311488
784332279
784320130
784363451
784337446
784316794
784313631
784398971
784449811
784313731
784313730
784304390
784310833
784359995
784318243
784371711
784370478
784378533
784482513
784486811
784370358
784337181
784338898
784398420
784410994
784345554
784430377
784319942
784408492
784319945
784482461
784473102
784339436
31063206
784377726
784316421
784408058
784366653
784408055
784408057
784319757
784425736
784482121
784319759
784363822
784318841
784335793
784336762
784320984
784365621
784312392
784369539
784316391
784319868
784369534
784325499
784331086
784481450
784378767
784409529
784346092
784485271
784456678
784366320
784311364
784408344
784408346
784332428
784393413
784377440
784458420
784492441
784360763
784345927
784315270
784313800
784398300
784408494
784319905
784319907
784359948
784319901
784474555
784319903
784317818
784320712
784339077
784493506
784332281
784452607
784423313
784361840
784359645
784304556
784329461
784409841
784378609
784312269
784311083
784449803
784364622
784426809
784335743
784339205
784371067
784489800
784332308
784313500
784377563
784378944
784345960
784321029
784301999
784363628
772648131
784301992
784301990
784334321
784369306
784370469
784459646
784359337
784443990
784487131
784359879
784482455
784359871
784408353
784463407
784327872
23487595
784399018
784381009
784302210
784313576
784365618
784365629
936116829
784359758
784320081
784369501
784346164
784316480
784312318
784312097
123317591
784476848
784366564
784359509
784302220
784408352
784361476
784408350
784370421
784332359
784362499
784335780
784449846
