18364644
42862574
42938039
176321655
35215940
8864675
34562257
21242388
81476400
176005297
42543938
82167817
39830737
31461653
175641845
42905854
26629613
178263296
84013188
29706161
32861617
42967627
178656071
30959897
175358535
25688383
22319467
176741340
175588219
31675087
178439350
28930947
28930940
28956087
178142455
81004050
178221425
42906075
178526282
27401611
222877678
178593554
42811749
176014576
41973294
29706236
22319410
27741274
223197120
60357975
910978545
175628316
37169394
82908656
27753937
175456743
9258207
42893008
26629642
29580712
23514942
175304597
42898995
30822666
28751402
27178458
178537990
27274703
42915399
37613874
178381247
122869272
82027445
34031440
23699007
26578206
29685234
31707243
42743061
31073493
176723150
42932749
178029486
177221640
31996932
178486817
175749832
78082384
27401495
27401499
80493391
36683981
176572692
26957060
176579976
42877550
25817567
29782218
29782662
11989451
178269022
175387891
26811904
25342882
42824642
23496651
36849290
32477581
32884516
178229700
176479021
33959700
19125026
42866780
175564410
26476481
71509270
17431558
175953066
78357346
37518763
29745534
25877520
23932499
29885624
42959340
178413606
17319105
43538384
31823698
22065752
42811513
23910712
42946216
175531536
34094853
33498465
42862748
29706243
43909126
176687814
42932736
176802069
23499036
79983425
176315964
30886623
177000111
179040554
54269635
176727666
82496015
37961794
30581866
23698929
42898912
60506117
63274174
42838848
27741205
25817536
28225430
175734605
49403097
8584339
26601094
79186222
176803766
179626284
122922795
32884522
84588188
42979934
27458556
21500821
22324751
82448512
26578210
41404995
9772481
26003849
29327841
25520780
175721659
185040974
176701421
8914946
39942950
42847312
178872434
61623497
178132847
22103289
177967130
11902926
43242714
176031094
178118413
57720278
4718011
175970742
36537034
15114684
176622082
13643167
42811729
36530086
175429837
40125919
43538179
42867097
26453197
83391532
29706568
178152637
176318662
42804765
33960551
42867025
23296821
176302343
24657236
41973043
41893617
25342820
471897405
29685366
35725733
42819371
43219405
40688172
22322805
19475020
28144268
81104524
80340580
42823476
54744143
82016507
30828678
60506239
122736496
29685624
78633361
175796886
42898907
26985014
175655740
175973500
22319324
234387174
861706879
28930965
36865064
178288661
27152029
17024721
29706149
55537808
176350489
178685447
175565996
10407397
29685527
29685523
42892890
29038502
28144043
30577665
176382510
27862359
32930016
27862215
13582294
42896859
34562235
26629624
40236864
26629620
27660548
22316917
23121410
35114106
25216013
25296610
176538803
175375974
28300294
23509075
28144032
42867282
178693438
61668246
175782481
16219113
178661290
34711893
77834789
25458829
30555553
10130168
79200874
42547401
42847251
176650706
41622265
42943664
77949064
31859145
82696340
42962403
37962920
79063029
9918051
25345006
175589071
32861605
62422214
28007719
35764022
35764025
17998918
176725294
22068643
179663852
19638435
176318470
42877525
27325581
22319273
175390752
28931063
81181434
20851518
28105759
175621379
11351292
42940038
79186095
176309609
29781805
29706222
26601045
77633905
175449896
23521062
29685458
12314631
34031386
27151974
79717056
42812098
317721233
42847471
178697786
702651163
176681102
175655820
178269706
176316007
976633120
30586675
42945710
30141391
18259016
175724114
23698844
25725310
42866593
178737438
41030008
42914998
36849285
175873517
25460117
33806407
175640622
31511157
33960441
42819177
22467380
41936306
178287245
178118434
177279140
28325934
14877819
42905976
42862657
42823394
12880162
28191563
176379974
22320227
20657885
175805605
29685468
28579276
20657293
22319512
31706762
33994285
23522708
30631384
42900336
176790275
