784453190
784297679
784381436
784413763
784299249
784285005
784413760
784413684
784284814
784338553
784286196
784236004
784528745
784380039
784449985
784291364
784285083
784291369
784292893
784382207
784287689
784379755
784301966
784380898
784286112
784413710
784315531
784304401
784389248
784291169
784295069
784309147
784433223
784403854
784303757
784425681
784287635
784528927
784293372
784308300
784298006
784456962
784385643
784520552
784311317
784293685
784425711
784389060
784413676
784291972
784291971
784388868
784433222
784297663
784408378
784291376
784413647
784291086
784296590
784284918
784319733
784385501
784539364
784291277
784403835
784379740
784312051
784394436
784300626
784291170
784413773
784302126
784297944
784292210
784493173
784419369
784313876
784393470
784303764
784315528
784300906
784296569
40976188
784510816
784307786
784266550
784394481
784310998
784293588
784307916
784293106
784364788
784380848
784425599
784511005
784291099
784450770
784299102
784321009
784394386
784382523
784391714
784349712
784299104
784284849
784284920
784291268
784296581
784435411
784439971
784286223
784292224
784413648
784306043
784408445
784360634
784295001
784291037
784286502
784426790
784524601
784297939
784342737
784539120
784299082
784397539
784293591
784425627
784338847
784296511
784362516
784525185
784393514
784289355
784540543
784392075
784411038
784303545
784394580
784424771
784386056
784302133
784362827
784286213
784409671
784284931
784293525
784291254
784302100
784385680
784302083
784393369
784408411
784285072
784458274
784484736
16163316
784342720
784289194
784297886
784379813
784408463
784304794
784308573
784408395
122780139
784504241
784319940
784412417
784393441
784308578
784289051
784503932
784310996
784298074
784379112
784362836
784419460
784297722
23496616
784304606
76862663
784341009
784341244
784381088
784295025
784299164
784291123
784378500
784293765
784539078
784519549
784302226
784489322
784292089
784295106
784381589
784257447
784528808
784296531
784319939
784381541
784427110
784307861
784383067
784297966
784426757
784397809
784559219
784292018
784363578
784381469
784296556
784296244
784297734
784292013
784391902
784285055
784295197
784379077
784300592
784284817
784299273
784291139
784297904
784382151
784408338
936116593
784293227
784380130
784397644
784292092
784295113
784311272
784510931
784388029
784568954
784540581
784297869
784450128
784340879
784380113
784413722
784375633
784309445
784414750
784309202
784382270
784289229
784413643
784289345
784305821
784380866
784305815
784296544
784342561
784413748
784304620
784409756
784285023
784308630
784292141
784349777
784293258
784292144
784395881
784523215
784291346
784321393
784476894
784293097
784379196
784302234
784302158
784297853
784316489
784397651
784300502
784364754
784305958
784296392
784503995
784382385
784303405
784299507
784303566
784289237
784289083
784313830
784303407
784395849
784426851
784304459
784385626
784378516
784289399
784289398
784290904
784296571
784452528
784304637
784408070
784391923
784299408
784375842
784413699
784303392
784434727
784291111
784310593
784504610
784379771
784394473
784299092
784298023
784299094
784300760
784300601
784303748
784291981
784293610
784291985
784295171
784408069
784338787
784315689
784286101
784532946
784409667
784311506
784299063
784291297
784296591
784409663
784264422
