784206240
784199324
784204140
784206402
784199242
784200222
784199328
784205199
784186502
784204460
784204182
784264216
784194368
784205214
784203115
784201438
784209050
784199235
784186596
784204347
784199231
22755245
784184784
784203182
784206135
784206362
784197178
784206920
784205362
784186343
784268719
784204109
784199002
784206126
784186586
784204986
784186634
784205409
784186883
784205405
784186638
784200248
784204335
784456040
784205335
784185407
784434671
784206031
784199397
784199403
784199402
784185398
784205419
784260723
784206337
784206332
784206987
784199273
784199465
784186450
784187037
784185522
123020396
784205328
784205241
784186646
784205321
784264306
784204245
784199381
784206946
784186325
784205951
784204126
784186804
784254302
784202033
784484945
784199303
784202064
784199473
784205394
784197787
784205391
784199362
784199360
784199361
784206307
784198987
784185631
784185378
784186549
784186391
784205316
784186540
784197864
784201846
784501143
784197981
784205084
784199572
784206216
784205948
784199574
784199195
784199518
784206372
784199444
784186876
784199604
784199441
784198189
784185744
784196891
784206277
784199350
784205300
784197130
784202016
784200181
784205400
784185587
784264322
784206284
784203220
784199286
784206160
784198900
784205359
784206204
784198742
784289135
784184779
784204161
784195088
784199506
784204081
784186848
784202003
784186871
784205370
784206303
784185610
784206374
784200194
784264187
784450749
784206074
784198752
784205387
784204260
784199337
784204264
784206941
784206100
784185604
784198041
784268738
784184676
784205360
784187079
784185568
784197033
784205205
784209017
784206965
784205172
784255758
784205448
784199584
784205443
784204274
