477273211
5711268
8752392
221803253
476964819
123330897
78273377
7421048
31091912
10401689
40186868
122869825
476965137
19125026
27754496
31148380
42862568
9975446
14229011
17786888
84988260
834780
84100694
20636961
41110517
83790
780076
23506014
82240728
316079465
12605050
476965315
2011960
10247198
708706341
476984915
13090940
318941943
55537943
60498093
19375821
23496335
911018151
15123163
476966733
37957258
55538069
477056584
31026514
68138005
28097208
21540292
23491843
33996161
477211504
813002876
264966825
54306955
477164381
29848052
43072313
307239
17076790
39943477
478879708
28431201
862567439
23518888
23492841
125571262
27151938
23515909
213486518
23508579
476966513
84363153
22262824
477004526
45497864
62624845
4418108
38785670
78175360
83157105
84511226
708725909
477268587
79285275
41006380
