1179287
1281240
1281293
1291160
1367186
1367187
1374300
1470027
1470056
1496929
1500661
1581834
1585912
1585913
1589207
1592466
1592472
1592480
1592504
1597538
1628357
1658803
1674675
1674698
1676529
1676530
1676532
1676540
1676550
1676560
1676621
1676900
1677057
1677157
1677174
1677178
1677189
1679041
1679726
1679734
1679741
1679743
1679826
1679871
1679877
1679878
1679880
1679921
1679925
1679926
1679997
1680001
1680051
1680054
1680071
1680087
1680089
1680091
1680092
1680156
1680160
1680166
1680182
1680185
1680197
1680234
1680246
1680252
1680262
1680267
1680269
1680281
1680282
1776715
1680333
1680498
1680502
1680503
1680562
1680638
1680644
1680724
1680726
1680739
1680745
1680748
1680758
1680852
1680951
1680957
1680960
1680967
1682745
1682798
1682802
1682815
1682861
1682863
1682891
1683069
1683072
1683078
1683087
1683180
1683548
1684485
1685194
1685218
1685300
1685309
1685312
1685333
1685356
1685357
1685361
1685463
1685468
1685477
1685502
1685574
1685590
1685703
1685745
1685759
1685764
1685773
1685777
1685779
1685784
1685826
1685837
1685851
1685861
1685887
1685889
1685932
1685939
1685941
1685945
1685951
1686028
1686638
1686730
1686791
1686824
1686826
1689232
1689255
1689257
1689308
1689309
1689320
1689381
1696911
1696990
1696991
1696994
1696995
1696999
1697000
1697002
1699417
1699454
1699456
1699460
1699462
1699463
1699464
1699467
1700640
1700956
1701300
1701317
1721013
1746917
1750275
1750398
1756710
1756803
1762373
1764530
1766746
1776719
1856006
1858324
1858917
1897906
1897909
1897910
1905098
1907311
1917049
1930208
1932736
1934476
1937037
1943224
1947272
1972535
1988539
2047991
2049857
2049858
2057185
2057186
2070661
2083171
2086386
2108941
2114872
2119196
2120593
2124491
2153752
2177858
2185941
2186291
2287370
2287402
2289670
2305616
2354683
2356417
2739439
2740947
2740973
2742817
2750536
2750572
2772021
2772027
2774132
2777319
2803859
2811929
2814463
2818823
2818855
2818856
2818858
2818863
2818882
2820020
2820445
2820598
2820758
2823546
2823548
2823564
2823651
2823652
2823655
2853352
2854073
2854078
2854079
2854155
2855503
2861605
2920187
2921397
2933687
2957227
2959061
2959275
2968371
2977813
3054858
3072569
3072691
595131
751830
