61543892
42873242
17900714
42856575
22320352
26520726
26231907
78547207
30726457
33049454
175399643
175589368
42847086
178490958
22324936
176539246
178655857
81410905
33857388
42914388
32317740
81110174
25342463
23531258
80401499
23695372
32477355
42865758
42865756
861705248
178158002
176023602
175752498
22323473
27799051
27443227
42896656
43511580
25829425
178020733
25829422
24610720
22324486
175782690
178014909
34031153
42804624
83627714
42838919
178733789
178118580
178722904
26275729
42898990
25296384
175362659
83092536
26452967
25296837
175747888
175714805
13138214
23498748
175435182
28920938
18217796
175725757
26578200
23698579
176008982
42813506
23699415
63548863
43110709
35782635
19588073
177117572
178117923
42899484
178680552
42911469
175417798
23503795
29297617
176580007
8478561
42862664
175423885
178243796
178694997
175418651
175714835
178298395
22318955
176543247
28683632
176818322
40822829
175703997
78954871
78008320
15039066
35114193
42812632
176032106
175532067
221724988
79291628
176478655
178695483
25521604
23699451
178187045
78264206
175467963
34088073
21191904
54305773
28543456
175790893
32541338
42858526
22319954
18209836
29900714
176050769
175754996
26670439
37613831
178125147
81179629
175717057
20774536
176462272
42862540
178737321
33990694
175482811
36539614
178387029
42843559
82696667
27947214
27799021
78082211
175715153
28518675
42906207
176542648
58413342
33106198
179622169
175560316
23501778
79028619
179584767
175570227
176022230
178433394
42939427
28225431
175713586
42810389
79028225
178204494
175473975
18235180
43241123
15985841
178312979
83005564
42962257
82695257
42887184
42937796
177250789
176220985
21242365
29899541
175742949
175552175
29900752
175414051
23700115
175467951
640122856
178198590
176688857
26674544
175754970
176758270
175869836
178739877
175847356
10938765
15289612
34368362
178195968
35217768
28543415
31707224
22315559
178702922
22230595
26285955
24811601
42852145
26369411
40748939
177329871
22318003
23698821
26842823
178728915
178696646
179098797
26824775
175753401
43466794
178322523
26941889
16511561
22304593
19023422
178314583
175800718
177164570
32884527
178728965
42852361
178679053
42839297
178163618
22322779
32884523
176353777
42800635
27444234
177670912
78295351
175861556
79920456
42873254
23615436
175392908
178131118
145566912
27982962
29399558
17044725
178711783
7625914
25345125
27444138
43492246
42865797
42865795
178314760
175456345
27152023
307462755
307462754
81278902
30526191
70051892
175981978
43642149
10859557
29865436
176212989
178393767
176580022
83102861
28969423
122879125
25653337
28545227
178682507
12807235
178687434
18300542
11076313
22320334
417577783
42812685
783211955
42872509
17894585
178183346
178691789
178733711
42846958
25418382
79288881
42882104
22269440
28225499
178664746
176814839
175422933
79024592
42866734
28751510
37696963
61742474
22319202
178695171
33974365
31309473
178373672
42873265
83721743
22316165
27113146
42865746
178695185
22315124
18276940
35240761
23483824
177155649
36463751
175773475
42840688
25817549
42862762
178122384
178195774
25296539
23514738
176032173
178706818
16772430
83430942
23492276
23503585
10396166
175417000
123190784
175564435
175548085
42862224
31979305
177918080
23699304
25296845
42829730
37946372
28543470
175448640
175489810
42865716
178178923
178204928
25725318
81123078
23492702
49726404
42914705
27114437
178464432
175394691
27442135
43110739
26578230
42865661
178196062
175632763
78732271
178205710
176438443
178196113
176690444
42922947
22315279
27273597
49366105
19549729
28273314
34432002
17382170
22322120
45838124
26824787
77820434
175630146
42896237
25829462
83768452
178125706
178079839
33806389
30704343
175577120
175753465
175845534
42923063
177367208
61562692
