1004630246
83819666
122812111
12652590
318941271
43408219
23516397
22321469
123004676
34874954
8804802
83761603
84379377
234684639
60510219
54825754
122709655
16306520
318941758
29011634
40976192
79713940
122796272
122899318
29052887
33857384
63017194
122817743
77801844
122987031
11394377
16307879
122725411
43855740
318940872
84327680
43068075
22901248
43057998
16284415
60498601
23500502
122750506
122747974
122726196
60510106
316080461
25395443
29067702
28784752
122879901
83535114
122823047
122796633
499071272
43261353
875010638
1012397515
23521383
122955521
1022834850
11230254
318939031
23508142
23488029
122726248
61741178
122899336
72869450
145082470
29885635
122972562
43812691
28955836
122747878
122838643
122811903
318939029
318938359
122955512
60498497
29427673
318937211
42862586
60498316
1021811476
23492796
60510423
995833003
23517869
23508321
122972524
43058929
122986862
122899222
9108350
70801467
18402156
71010931
14348582
30326853
23499232
36542553
957234423
122747920
318942570
16075215
318941112
122987204
122747841
173264217
122811596
31499964
63029610
21033445
16464802
66895497
43408322
26506592
25262949
43057159
903956035
1007135525
62572391
79071804
78005880
122893302
81865574
1005920788
60498646
22416032
12104317
122750425
45062549
11259862
708717804
65989161
16306843
122986908
23495576
28934826
5247862
9752831
222647904
54462540
318946498
62527621
16148429
123283278
122818370
23493245
122823456
318942322
4250500
29774379
44092882
44448557
32427428
18265727
43057012
220020001
123436139
60499056
23493120
264647934
122811360
31087264
223282281
21120591
60499181
33992942
15974155
122827086
40976603
123312639
61508477
41189763
122823094
28290298
122796577
41100088
4888556
28271626
60498742
60509943
21577322
60498620
820579552
29266822
60509944
318937709
41189767
44092918
