29271966
176031885
15123163
15077557
175778156
22319625
28489971
14065789
15597813
122780308
26285938
175971116
30941265
42867541
178159046
17854364
175721395
27178675
178298163
80564103
176618031
175811837
37482396
30849913
19992297
42809561
177249230
176301175
25520791
22320613
176719169
26285953
177416772
32787926
26285957
177011683
25344930
178118398
12331823
175732306
83572283
175580010
54361130
42817956
42946233
36904264
36678515
176510316
176506645
175416072
178674799
178608835
179010935
178434705
175949018
40593031
176031955
178195716
27444242
36355443
23699687
175778532
176803712
176772191
42932719
30478430
33862114
22322314
26879573
18305458
42825927
36264888
176669912
27274510
179204242
42838653
176347883
25829580
175567513
42838267
178010739
22324267
26369310
176780462
39497638
178206516
44845886
176316425
175564148
178490975
81680193
178697848
26275725
25296085
15517096
42946585
8373934
18370077
30580667
33107203
19051821
39835655
21118491
26578558
177058909
82533807
176031739
23510664
31390679
178011523
175777158
175672752
20480845
8082427
28880016
42979908
21712072
177351187
53198190
23696858
25991843
17993497
177197861
79130124
175634715
42646170
9300660
42831010
22325433
176759567
26275735
177011447
20566136
20928129
28327235
176816605
79983339
22320954
176726628
175871155
176836679
264905620
27443342
25336661
42951581
23483378
42834660
26824509
34301798
42853853
27799229
42898906
176697668
81365429
176589490
42915542
22315503
29372333
83374705
391963845
30081022
42866988
178166810
175646110
24403897
176443472
16962814
16358863
27885587
175969406
25413530
175954904
178186136
24405491
30147344
26943945
175560969
175801316
28327342
175421978
11617293
42842893
178196000
79762032
16772354
30962936
82579800
78904621
175951198
22535741
18200043
32594446
34301807
54875494
176825633
175570137
25606515
22068398
178199807
25606519
61627002
176542084
25345051
27983728
84662540
33994138
85059251
26243754
175564358
175435345
18265639
176559633
176031852
26985557
175628905
25342918
25296607
26275716
177163441
41163029
18969203
178166770
176011458
175697092
178678138
176347868
42915113
31707218
25817580
42830587
40494593
78595908
83039869
178112116
78278783
25400305
176847799
178697372
177351185
30660659
28300223
23668260
34520185
80493348
175438580
178213005
175869184
178685466
13047785
37243109
33932766
16772476
42882111
34171240
175307791
176031531
42914729
25296595
264946151
176031905
42906308
42847315
178118527
15524216
25878445
175763537
25335824
29737689
177257231
178016250
26285934
175385075
26243710
179581928
175572376
176760967
175740628
213784079
82633272
25346034
175784007
178380472
26454561
42898975
176217976
43518586
31929910
175646454
178286732
19013732
176832056
27799304
4410495
175456167
23698592
175954743
28225392
175564470
22315466
22319629
79619587
177012981
28300209
178126523
26476464
26601074
18953941
178127342
23074221
81572925
176577319
25342871
82865043
175746504
175968774
25345979
177338969
14346875
23502559
28545240
177163435
21022241
176380340
42914991
27738576
175377706
176031988
175494907
175691718
214706019
22101679
28300321
178388080
42942629
175567143
175994939
