1700640
1677124
1764530
1686297
1592472
1680159
1581834
1776715
1367186
2772027
1680182
1676346
1932736
2921397
1680246
1701300
3054858
2854073
1680160
1683548
1680185
2772021
1677157
1179287
1756803
1677174
1592466
1679925
2289670
1585913
3072569
1689255
1682333
1988539
2321297
1685218
2297940
1676712
1367187
1674675
1696997
1680967
1858324
1683069
2977813
2777319
1689418
1977452
1677130
1374300
1972535
1689320
2057186
1685300
2823651
2957227
1685309
1592504
1682798
1470030
1683585
1685759
1699417
1858917
1470056
2086386
1937037
2811929
1976389
1680960
3072691
2287370
2740947
1676532
1686791
2774132
1905098
1677189
1309880
1689257
1677178
1943224
2305616
2961596
1677133
1496947
1677057
1676338
2185941
1585912
1683078
2823652
2818858
2861605
1680197
1700644
1680281
1685312
2952590
2771140
1686028
2920187
1766746
1934476
