3072691
1677174
1374300
1674675
1682798
1700644
2772027
1677130
1905098
2057186
1677057
2777319
1701300
1367187
1470056
1676338
2287370
1934476
1677157
1592472
1683548
1756803
1496947
2774132
1680159
1932736
1685218
2811929
1680197
1676532
1683069
1689255
2818858
1858917
1677124
1683078
1689320
1689257
1988539
1680967
1685312
2920187
1685300
3072569
1680182
1943224
2977813
2771140
1309880
1367186
1686791
1683585
1676712
1976389
2823652
2086386
1686297
2321297
1696997
3054858
1677133
2297940
1581834
1680246
1680281
1677178
1470030
1585912
1689418
1680185
1179287
1680960
2305616
2854073
1766746
1680160
2823651
1592466
1682333
1937037
1585913
1680313
1977452
1679925
1592504
1685759
1686028
1764530
1700640
2957227
2961596
2861605
2740947
2952590
1677189
2289670
1676346
2921397
1972535
2772021
1699417
1858324
1685309
