784210360
784211811
784210655
784206950
784211814
784210652
784210489
784210319
784210718
784210480
60601366
11139444
784181260
784207022
784222057
784209262
784208172
784211815
784207044
784210707
784210554
784210403
784210551
784206921
784210627
784210490
784210611
29685377
784210498
784210606
784211838
784453272
784207055
784210630
784211796
784210681
784210386
784210684
784206981
784207068
784206352
784207066
784453267
784210650
784210332
784209114
784212005
784206902
784210601
784212065
784218409
784208891
784207912
784210280
784207074
784207079
784211981
784210324
784211985
784214427
85059994
85060703
784206919
688642978
83083793
784215380
784215468
784401295
784207005
784212085
784210357
784210664
784210599
784210451
784210456
784209134
784212006
784210458
784206968
784210699
784511808
784212014
784210694
784206995
784210696
784207017
784206269
784210347
784210345
784210508
784210368
784206976
784211753
784209127
784210463
784210461
784220579
784184668
784209129
784218158
30494633
5111109
784211769
784210271
784210667
784210275
784214206
784209099
