37931307
23493046
28143968
8598710
42842711
42866659
31823667
21766915
176594555
25606516
42847003
26520725
84947988
176618408
79081229
26601064
22673917
35680372
176798761
54269608
175529620
23510165
28545496
33924546
175632856
41026024
28545498
176350386
42862575
36539702
25296609
26629618
42867136
42932752
28880134
178405548
34533552
24056041
178251125
42887195
30988120
43526616
25829434
32477345
13858573
20409655
84451257
13126166
28713273
28327252
42914934
33992872
42054096
26873607
42846998
175981966
30344958
36485039
42861525
28580048
42847872
39498329
176689163
25345400
29685556
42847232
28105689
23439966
42867628
80454890
175713558
23499942
35048728
42932656
42840910
77787432
28545272
15540275
36301791
23482396
42979898
43361498
28545288
42866560
42866563
37972605
26601041
176321679
34208395
182850616
31859142
176403792
42853628
22320270
37243141
36463514
23485001
27445105
54361684
960931034
42846741
15217995
177852672
176571543
30730736
21102622
25579035
81932324
42873249
23932363
32152030
178101838
176041788
29706545
81512176
178165511
176249048
176729914
42862196
175580181
42856596
42862192
23499552
62481436
29782225
42914918
642191645
78560710
42811988
84047292
123312527
43507629
82745408
42873415
33806509
25338731
178415022
176604493
176512952
30620133
178688027
33073511
175795267
28936225
175810069
42899454
175505463
42862742
175750347
19772102
26127821
178686225
42873837
5245904
28083982
25345505
28930983
22317446
178304967
175914919
36539616
34301811
34301813
70860648
177545938
36301792
31063515
175793362
26985011
39737475
175451679
176347895
34094860
30963046
42899318
176347892
31858825
176469272
30475424
42813194
21075705
84493051
42951515
123101099
36356735
42861517
81642763
42873145
42915024
82635707
176765544
30631145
35725754
42914955
27152033
83425061
32930005
800136884
26285917
23695449
27862679
175429812
26942227
42899150
176344971
26578327
43712107
82031757
15465225
40874240
42817055
35143519
28302547
23699310
49485358
22246773
14938029
15649975
175588152
22325512
179575374
176212931
178132857
28263745
263693124
176512977
42915559
42847463
177874749
20337265
40161146
29745484
178162215
175640584
176588509
42829846
79912679
42944017
42915456
83305165
26452976
42866722
21936543
45613069
38959306
80464644
22693823
28811358
33856685
22177796
175576886
22326636
42843101
175705323
80057732
42866935
29685358
40728791
42867002
42963071
77554657
79787815
42811950
39828541
82302019
29685393
38221621
36689994
178119053
80260323
31859100
49367292
23495989
25345135
23700072
178158898
29685623
12223781
42556690
175874039
25583312
17421397
26476474
42873123
28543458
37166183
31032782
27386669
175373031
175977560
22231077
175567062
32787948
22315685
23143510
61581038
176339904
31058462
29327811
175567331
13079051
42938023
42862547
176818018
18122942
175785550
37481917
18315486
26231913
175954775
26231918
42847521
175701409
42862172
178362820
80636800
26941737
176350370
4881533
27236737
178692118
81869284
42800882
177675281
42899418
41048497
21867874
81317660
31677165
22323382
42847498
704272274
82696189
42865730
70665402
178338604
29782213
79920419
