506107796
40892598
23501159
46240585
48805164
45346733
22350588
16772512
25483339
13844262
47863943
48915992
22972168
18130440
22132499
47757127
779105067
60601365
8005009
83509470
123289225
48245454
23511523
29928674
63679267
505743192
48812892
48208427
22755245
122817749
23515909
47799571
33857225
506428899
27927821
45012616
11189729
37957443
27981832
31193039
24283089
25817547
23998826
49396662
46322827
23520676
47890420
43172629
23483580
36263780
43219967
83078498
32728629
39880521
43949890
77682162
11343420
45085831
78075240
13202214
40463724
64025226
43517148
20240363
40819597
62730505
43134002
18287162
23497402
45005040
23482443
23489469
33995181
40975640
47835067
14228328
48263141
60507806
506941611
55744046
78593199
871005625
26957102
47862169
49177701
16171360
47890457
51982194
318940412
7497823
34234108
17958896
4041535
44624232
11889533
48209392
48915369
49628909
21506318
49475105
12814213
60601241
26942227
48208397
26641640
34234192
21731674
23483197
60490837
47757297
29138790
23516805
7809829
47735326
20146226
889256640
28277876
13900229
48240605
31217855
263493789
15608012
47813638
23506041
23503779
40569585
62426556
45073434
23503185
49683812
55041827
49340907
39943477
29889671
25688341
45882235
45318689
31073493
48248433
45011371
15341137
57209532
45469997
16852110
25935091
41203560
43797213
23498904
12282717
43797351
49006533
30751323
43196918
38487403
37440916
45085643
44898508
42882107
47807601
48786335
502564692
48786239
64137344
23137962
17029082
13848334
49694114
22540010
49380144
22065766
20881657
606776018
245512734
27918302
62398365
82170956
62398360
