26232343
8001295
15077557
10711000
18251165
63215334
7590207
20541202
64031838
8006162
24939413
61737192
22315817
63979465
23498384
20374951
13541001
28914677
25400475
17504241
12386490
23496832
7669158
185066115
7743912
16952389
11813609
8223241
80807276
182765507
42865728
12880412
20295274
321037157
19125832
13884074
18173805
24928536
13701461
43512157
12443652
35672354
4326088
16128957
5587781
44808603
23507775
64026507
30408473
15985841
61589322
20265007
17028593
23491833
60510007
9181329
13397434
762077993
64736210
