123004641
23522682
17044163
37439411
318941371
63062968
23484048
39941016
43232920
68491433
43530407
122747670
318940844
23506477
17609071
23519747
23496878
122826220
26867803
20785979
977305445
318947191
45911724
863386462
122899312
122899290
318940766
54825765
840765204
22320769
44093086
318942094
9749956
14085144
43232914
60499050
219657843
23517920
122823484
60499004
44853876
318941581
9641004
28874591
122995986
70070337
60510080
122726396
40874247
122839284
318941563
318938859
15605082
39941136
43528143
30477536
36932985
187315683
1007653163
13202214
23605608
60510170
23488417
43979943
60510407
56839786
29977228
122899401
122686527
22322805
33924381
122899332
318941152
122899231
318940700
769350106
318940543
23492498
122748230
122955510
40957771
318941820
16317053
761710103
234698211
994641414
10500590
318940479
60498944
60498945
23490966
43212517
43979986
318941547
19116974
318946031
60498940
23500426
23513105
68491424
759490535
33922644
1004769957
318937203
708707361
60650002
318940774
122795743
57510177
9024432
1004624865
122748296
37214505
29921255
60510201
79071290
122748216
37924471
54614361
43518023
48667789
22757530
912694954
23510263
67308002
32109767
11795623
33438283
44657089
192063019
973871694
39004471
975263215
318946018
68491444
23511308
11076395
17693296
40957649
122726211
18099974
1004709364
122686488
122899294
122899292
60509956
23519120
60498638
122797068
318936717
30707121
68177495
122899563
60498919
18100759
37439054
122750979
122823423
233138406
123312007
36484783
42940162
23520346
23055358
23488445
