505746871
68491315
36210399
7579307
41973499
196005673
18402585
7792907
45345983
60601366
44462548
23509525
43950101
48707494
34847896
48640718
43607704
23510744
40577476
506380977
23491541
8001295
506114789
19660152
35760113
23509937
7702360
477208286
32214965
30457491
49716284
49555921
62398355
27143164
84596556
47863952
46322236
15065273
45891345
23492813
41100343
505179660
22645643
14936839
47813327
47860213
23500426
18118507
43910475
40705465
11231356
35048716
34604946
47924311
33995926
47865131
13125885
506315236
32775186
27279436
12144133
23498693
44074557
44842127
42873444
48853794
19939823
23498260
46322156
21690326
32129293
44996166
122984614
9347328
30083592
49331669
9813277
83230727
8962151
419292965
21464884
27461006
37977202
61592129
45894011
15156779
31110084
44401411
45047266
17721322
40579416
23521167
49393517
47851878
23521045
506357259
31033124
22774145
25053013
23513827
28935373
145510748
45047436
32341173
49711055
23178248
6828609
48392338
47722889
505720172
15333949
36683534
36552046
11616006
31813851
20458520
506122417
18610244
45318672
35260593
13334641
49725076
27033365
20405545
16962791
45899806
44665566
22224466
48208411
20479443
2583914
29924735
36518596
45085777
123318081
42844061
14927744
23482479
25905259
506367773
23499649
36530205
40685005
70860638
38796525
31148393
34727813
32499425
36518521
45908418
252302065
49665325
60601321
26879947
505006464
14225603
53027053
29899541
21075257
60601229
41189757
22102560
40223384
68139229
26883145
22425945
32314885
41100088
13891426
36572802
229452516
56712852
43242714
18103789
48211242
31008162
23498006
18181045
31284111
40678774
12637268
26322413
23490645
45321467
23492547
44658973
29633424
43910702
15266029
23499075
505583713
28784752
122844104
8724543
11715956
48361254
36263785
40236477
32786247
79073139
42690460
427367439
51533441
7902943
743419564
23514653
45085838
29565618
60601262
37320874
123031543
44845042
10409760
15528456
21422678
35640538
45908733
23521312
506200304
36236744
17044725
69916131
7395142
20458429
47806164
44449134
21065176
20603846
23510120
23518666
31907278
23494308
25991769
17044030
18998069
47799023
48915352
74425988
50860941
60467458
46322214
34031374
213768379
48916002
12719808
60499123
16770752
29581775
16772361
23752953
45011466
16417753
57199669
642427848
6993068
33923753
48243970
22840027
43991472
46729765
23502380
506913031
42847251
56750664
10970967
27113682
21281547
23401474
48361195
40972111
40971650
20479638
20479397
23512543
40703753
25416375
18582312
23482038
47808942
506224461
22959812
43056206
24928536
62625885
60601672
32428356
16284415
48208343
55475542
45066769
24527567
44862094
264867511
45904066
40593189
43949892
43949894
27301193
48264673
9138376
16771630
27459753
42690457
23499534
60505868
45079465
367813830
16072305
4318700
13001510
264868170
33124459
68139679
20465810
20604147
48935036
863300746
38369019
28812012
44890833
40581910
39987303
60601325
32961087
23716282
47746837
48197410
26532330
47828523
506935755
12954055
21579228
506121975
24407600
17811691
43950085
62781141
8546167
506367692
21502412
505675361
32792940
45891273
33854635
264658523
48798443
15619429
48812956
47856344
60601294
615487252
60601293
30695704
40047897
79463106
47864857
10196795
17235532
29885513
62398363
62398361
427796512
62398362
