784504020
784419429
784292040
784342621
784304610
784296272
784293686
784300506
784375844
784382525
784292281
784289381
784381129
784403886
784300802
784300751
784304404
784409803
784307995
784296603
784294947
784293570
784386198
784293279
784299324
784286244
784528749
784364789
784290988
784535548
784337940
784425664
784413779
784286408
784381577
784315024
784525191
784340847
784291282
784379822
784360005
784363610
784294899
784381351
784409670
784391919
784375623
784413687
784292119
784341236
79658677
784292115
784408091
784408085
784295091
784284855
784379134
784382303
784291083
784313743
784520771
784414751
784295202
784313873
784375674
784293507
784308462
784408374
784408375
784291008
784281732
784235862
784425768
784303769
784551604
784504007
784293733
784321552
784293678
784378581
784303761
784414762
784360012
784292864
784341241
784394499
784284993
784413693
784293582
784296560
784379187
784395897
784374779
784296564
784296565
784409776
784395687
784578779
784377577
784312322
784312457
784313759
784341319
784296622
784370345
784291944
784284923
784298038
784365453
784341227
784292024
784296580
784321017
784296589
784391924
784302235
784311496
784321528
784505982
784419431
784296264
784305951
784300935
784379806
784510811
784385661
784409657
784409791
784289271
784426744
784519554
784296302
784296513
784293606
784288984
784509257
784379100
784378987
784308314
784303466
784393209
784379158
784310992
784409517
784391966
784285077
784393361
784397786
784321507
784378519
784382174
784300725
784293719
784376533
784376685
784300824
51632613
784413709
784414775
784403837
784413705
784308631
784226819
17723549
784312030
784313551
784520681
784320998
784297729
784390317
784314931
784289033
784288998
784381472
784379056
784424800
784284772
784291246
784299203
784291129
784414778
784381086
784297638
784285111
784300565
784421660
784284822
784286151
784296481
784381104
784302272
784342597
784312388
784300713
784384918
784344310
784291058
784303651
784289181
784300959
784408297
784294994
784313858
784413717
784296539
784414769
784393453
784379788
784296550
784393438
784311499
784403825
784413694
784397682
784290921
784292015
784292151
784290982
784289433
784292157
784308627
784450059
784291134
784302165
784291335
784291336
784302161
33109420
784411529
784295114
784291041
784295051
784383146
784413755
784360749
784413636
43206315
784397817
784300782
784304446
784304445
784376681
784389253
784413644
784413645
784387964
784298053
784272573
784413611
784297815
784298095
784289249
784338737
784409677
784362793
784390380
784293395
784299265
784425380
778792413
784414755
784395935
784291109
784341119
784294967
784413688
784401952
784403847
784292938
784305956
784403840
784366679
784295041
784293497
784293496
784394558
784296316
784382535
784382194
784557467
784411238
784311517
784409659
784397754
784409831
784413630
784314905
42819491
784377528
784289251
784296573
784289419
784285039
784289414
784292077
784289258
784379050
784366683
784285031
784291116
784297645
784293758
784302228
784380694
784309463
784408455
784413742
784291119
784294950
784393501
784397810
784300603
784293616
234862465
784410957
784394407
784293167
784295178
784289200
784311501
784528917
784290994
784287996
29564066
784409661
784409660
784413656
784390733
784413623
784409800
