122797013
707095816
12195885
122899338
84458417
18998955
23484338
33995278
234387174
156901121
709907315
960801473
29926591
922564846
123000965
166325173
37483087
30336263
33995808
80299778
85835696
60509853
18810698
456436425
60498326
60509927
122750729
23072420
60509837
5245878
26880256
60509958
318942216
37877559
123001973
15528543
23498254
40972111
318942242
912693276
60509885
23497824
973193300
123279321
27459753
21886642
122823398
166325438
24407327
33321307
499065458
23510689
960905288
122839037
60509931
234700700
958876894
27143126
23514358
122797082
222915818
46340773
42871879
768992155
864753639
166265402
427634986
16771047
60505969
23490683
813294307
30770219
60510026
60510105
10187645
63547180
60510020
122839209
42197056
84990824
123343167
60506773
40191886
