784322231
784325743
784325758
784339572
784406994
784331208
784327244
784347190
784322160
784322232
784324346
784361468
784328924
784359810
784363854
784324117
784324115
784391764
784324111
784322538
784390297
784323406
784511733
784363566
784337606
784327074
60506263
784354227
784329578
784362465
784362464
784366387
784365763
784325636
784324324
784329575
784407197
784322247
784325736
784365660
784340857
784325693
784333480
784364793
784321566
784331214
784340996
784324101
784391861
784324107
784328857
784394408
784354502
784366282
784521273
784521001
784389278
784325596
784347733
784328091
784325626
60506121
784324357
784329540
784391777
784324352
784365550
784327133
784325688
784325762
784325479
784383193
784323421
784330891
784327091
784322310
784506068
784366368
234573324
784414770
784366363
784387926
784363523
784350959
784326940
784363527
784388170
784323224
784328219
784330829
784327022
784425613
784325615
784425615
784339560
784329710
784354364
784332309
784339680
784362449
784339682
784327080
784407148
784403724
784334253
784530153
784324088
784391807
784332566
784325619
784387288
784324485
784325554
784329320
784574584
784535249
784400034
784332394
784324488
784324399
784321506
784362458
784423285
784390658
784366488
784362450
784362451
784366485
784362453
784399953
784354079
784322152
784360759
784325606
784414772
784391795
784352690
1041871903
784465619
784322543
784324472
784324473
784365656
48047864
784389038
784382366
784324249
784337670
784351449
4625709
784323063
784329334
784325786
784354146
784324490
784358274
784324392
784341002
784328909
784340937
784521280
784387020
37230653
784340936
784332323
784332322
784322144
784325585
784354462
784385687
784384955
784323364
784521270
784327274
784325813
784339502
784323538
784423034
784385709
784363420
784385703
784359813
784327976
784413504
784384796
784425626
784328249
784322404
784354019
784322258
784554894
29889696
784322119
784328912
784321513
784539089
784322179
784327054
784364809
784348857
784361814
784334792
784363498
784411217
784341252
784376447
784331003
784388137
784355418
784354229
784411132
784325553
784322199
784355553
784323357
784323463
784382540
784327988
784322211
784375528
784400284
784339491
784337481
784325862
784328102
784325607
784327127
784366579
784560336
784366323
784330787
784325563
784322110
784328089
784354128
784539415
784330909
784397830
784331153
784329513
784403771
784322201
784327111
784354245
784354246
784325838
784361765
784390649
784327243
784330768
784322188
784409828
784328838
784411226
784333586
784339704
784340873
784322225
784383155
784365565
784323385
784322184
784323199
784328935
784332292
784328932
784400176
784324123
38958736
784352949
784322161
784328305
784365459
784321469
784328301
784323354
784332211
784330902
784325932
784364743
784366498
784427000
784332193
784328312
784334351
784322226
784330369
