1015524441
18357987
27857107
6883761
47815367
60506090
32792853
60498999
60506461
60506460
20135427
122709650
1033849345
60505913
60506268
956920471
21268855
122725246
60506522
122722659
60499156
122817938
1049088443
122740937
15270284
40974722
31071561
34093772
60506315
122796559
60506410
60506006
60506412
318102182
122725312
72655107
1109386676
11853213
122817519
60506532
978092531
962957318
60506312
33857117
318940671
912687478
318941406
60498560
1084725304
318936699
60506400
42861487
36513825
23503059
85102895
79273249
33860996
33924412
1112129450
318937902
85059981
60506293
1059426978
60506122
23485910
60506183
956970348
42588149
318939990
37324314
22755300
67310806
79764608
49693002
43185049
23503332
42898995
28812012
60498480
1055939905
60498486
122987048
47757041
22068093
60507199
67308170
122725349
23499586
22875521
16943627
40972900
122722755
123004680
32577268
61737877
80050527
75087419
249576541
264335158
264908193
60506519
11102994
37963368
60498437
19116462
1056810408
1079749936
318936669
60506573
60506574
249366764
1112662444
60499217
32582928
33995842
44102394
32577276
40973886
843856089
318938717
29403926
60506362
60506078
38960453
122797370
29774745
843332054
23490661
1112477200
61210482
62685824
40975601
940530015
42517875
1107638614
35725694
67308789
1033928644
318939383
60498452
