176281225
175548056
28578907
29707283
1017818655
175724790
18402585
7792907
35143559
35143550
176033589
42847085
29232530
176546575
29865985
29745520
27401592
178284402
14270266
22320684
23700095
42915156
48119611
175666365
175396768
22317230
79913097
25688384
175535313
43549463
43244152
175703838
30963068
42861430
34094840
42861435
28930949
175800810
51478126
177976953
26285973
42862593
33923914
178435057
42906071
33996065
9038682
28263867
42939988
176347886
42847054
176047538
176556720
1015448116
39942650
42943900
25583321
176403894
13920614
36420792
82167915
28834645
78357367
1056787017
25345398
25461115
175469656
23699703
42915415
28143899
26452963
42946258
178691168
178229742
805735281
176283875
31707162
234665320
77648682
26126473
29325512
19643141
25767437
42847271
34031447
42866588
12104317
29835002
178685634
29058038
175954653
29685485
16624997
12262321
26476476
26034120
81869455
26476478
176838432
26285935
176345098
40563311
176224882
26476482
175977662
22316412
8962151
33922897
30452631
81805359
175749909
39833572
178687457
23483878
176034060
82631059
37169379
28074154
176041844
79668201
39497791
26601069
42824649
30322145
83163197
22438981
27325577
40819463
31447223
26453190
78202280
79292150
176321882
264969220
42866663
37582215
316086554
178458633
175675490
35398884
702671643
81680185
178127351
29685377
27883315
29685655
176596919
25344942
81572915
176345058
7719799
13329776
42037194
22319819
178491444
26670430
26670432
13882764
26670436
22176481
176027419
34094858
18300393
42857466
29745545
29834579
81065080
41005545
175675541
36139906
16666029
34301810
178715195
175799469
7497823
176321593
29782130
28518671
33806647
175632815
78114830
23698147
22315105
23505255
17431884
176552777
28579312
26199203
25296603
83572323
176224273
176801837
176713535
27274737
178691153
32884529
43212904
42887188
122882003
18580296
176217948
42847261
49364643
175725683
176820785
30581008
34190024
176028487
42810716
176595272
29745509
175755872
175704699
42914954
26476468
42915173
79913174
175630008
35185536
175552944
42865737
81122949
175456263
78026963
30345044
27983348
27152107
42852203
23932229
23932341
41972772
30887232
175570459
80636825
7086200
42824087
175973339
15505649
42939233
27443603
27946515
175715115
81421583
1055979307
37581779
32439206
176321674
83663988
26520702
29531832
42943653
42883652
175588845
123270492
177250216
36463509
42865703
27946905
42830705
176345068
42847350
176338298
80057607
42840823
176547820
67307852
30940120
43492240
22322873
15721949
176477590
176351225
29745490
40553901
61557344
26285914
28797310
34301803
175385351
32297700
80396804
36420745
40686306
11400566
41973183
178126663
35400393
36639759
176723147
42893200
26629623
176443998
79716598
43538184
15597763
54291970
25296612
29784508
176009196
42939342
175346034
213921745
28930987
176008955
29685385
22320423
47925466
175310480
178031114
81181360
34031432
43244135
175973392
35048782
176725270
35185644
42036097
27325776
1105343047
176038178
33857395
22320047
42911012
24020098
264966339
25521344
178138295
42914898
42865740
34094838
175307291
8196875
175717522
83350337
40728994
175307349
176057544
23486702
78556187
20636961
22319158
23491786
25829455
26003723
175969415
36783180
33856672
31707253
175456201
60499019
42882144
42882142
25461042
176422927
81993901
175742971
23500454
28144108
176357844
33995835
35240819
21659654
26188216
29685585
25345460
176203325
27151804
81411241
178689955
25653527
42914957
175795020
42866599
37482420
178004687
35143510
42914995
178281246
178128368
176556177
42840641
176318353
43407949
22540010
23697630
42877240
28518071
25521407
23503185
122704253
42043321
19957265
176318485
80227017
175805067
80401574
25400495
21263585
28545231
84492565
49373081
33995227
178140465
805763805
178321632
9472136
26601077
74218991
42824671
175697038
42857745
176285350
23696582
31859140
26824493
175420290
175984162
