479899873
18364644
213768379
23492118
476965795
8546185
11616006
87960219
9911354
15077557
60505866
82026805
18397446
22895938
476965991
82518402
53362248
818323697
67308966
476981227
6837692
44799056
18458741
29062997
21690326
23698311
18425403
40818763
23491786
13714543
56401672
83865547
84365850
46340773
83891803
15123025
23510465
22642420
29531374
38983004
77594066
79318000
23510157
15065273
81295610
56750664
31110084
22262772
13093489
23503779
23492618
22907166
862569338
8001252
29771969
733555738
25688382
28839700
55535433
141041022
24964695
81936355
