176354908
22324771
34659254
79717691
23699291
42893185
42548926
175579813
175385099
83772429
29745526
28544956
79658677
19709512
27883715
23280219
27236497
214287872
42846209
25579304
176559613
175727351
49679980
77614198
25688387
176708151
22325483
175746490
27273946
176338722
67309105
23932412
26285972
176022292
178165763
177086289
651068129
42861484
22324521
41218812
77752536
26520097
30344937
23932520
176577027
42893004
80777136
35185640
178299772
17213439
42862745
22319645
42847475
122981176
25342924
29685437
178183366
32540554
47746801
38676722
42827830
42036122
42906087
27458561
84134013
22315611
80057660
26629616
29685427
3610375
42847279
178121939
25579863
234810159
83033428
176232780
150425810
26476477
42932746
26034125
176575501
16624898
60506362
1033893082
42840729
178688872
35114221
42852281
177874762
23512626
30783194
23522900
54274690
176015851
25342880
179652346
42898895
29706578
27178673
33922234
43490559
28874903
42403218
36264838
42893127
12107883
42866787
84280806
176345120
42847509
176527807
175638060
26629608
176404498
26843095
36264880
22319889
32306591
187461945
36539725
24408054
30631167
37482409
176003096
29834565
81181411
13213953
263693137
42918103
29707294
42645991
175409620
37634630
25115147
26285908
221815889
42840915
29899350
42877617
19038984
22319928
22324249
25829432
33806644
175472370
42892498
637131776
81865312
47929033
176276081
81680208
34686754
178683189
42892541
42838339
77851616
175490809
42824591
42847469
42856709
26601096
82483932
805794107
805794106
32540545
26452973
28874955
83772315
31858839
42873758
15136916
175799161
176585430
76013779
34337806
176347871
29834748
175421057
15477353
29011612
42891922
27275731
27443785
178432730
29745465
42932775
78850765
30000392
22858799
43094954
42856898
175748473
176705251
43499756
29834590
29685665
78737345
42853915
175634756
42945929
27444250
176048792
37034368
35185456
82633244
41973315
22323006
43110668
26285891
81279144
12365925
42872288
29685404
22324784
83768575
21898525
37874411
32861584
176470331
30582229
82533813
70052161
82533796
40789484
25829587
25829999
912721198
176579286
175685513
176713546
26188341
81993622
28543464
35295395
175967532
5098122
54269291
41622346
82949690
176041799
22316133
176339343
19426211
42831428
42555596
122886193
42862181
176461495
29745557
42865793
29745497
176322383
42915107
22379950
23486169
78788829
29834303
34301802
84662542
43607183
42922936
82397700
175675298
28325902
42932815
175697096
176403932
36639758
175734202
26629627
28543797
26629622
179592773
30849027
26601089
22318190
176285344
42942626
176697652
33994721
164706786
42911830
43492146
175303861
31858824
42800675
23497448
176731343
76954569
42914695
42847529
28685247
28225494
13328531
175427411
23495557
82696428
175672931
78849849
34094940
176351914
26034109
176725292
23504955
85070709
36183198
175953061
42887198
61616627
178226071
1048965868
175717031
27325582
24961276
48401699
122721617
30345075
14242223
25817541
25817542
22315404
27401603
178699438
42841482
176056984
33996156
26601049
41973124
42873409
42847840
24411913
21541521
29685514
30515519
24085241
176825714
42932783
175739819
178120538
29834556
30582149
23510685
48511410
82745735
24808604
36683822
32787910
29685582
42901953
23249505
176547755
42589618
175530239
42823469
42917974
175418633
175764300
84433277
176497126
28300331
42877397
22286320
54362346
25399904
61343302
42552109
175714079
28272024
711786487
19824132
27862684
25296597
175383065
22320635
42812052
42946375
16151907
42811700
28545482
15103418
177776158
175630020
42658854
178695460
175725953
178231626
42847401
42847019
49364141
34208555
29685548
179201996
