56712850
4068813
30469649
11337112
45886753
47942110
22631328
31050902
46323018
62345891
47806608
78260656
25838454
10016153
60601361
33994334
31238693
20111648
36146321
43779164
9774706
47834806
77667375
56712846
21480016
123289096
23483824
7805572
40176156
48264864
35122603
23497430
48270578
45060707
27748581
504979944
26842756
46313392
49340870
18730459
49334425
25306661
47860519
48202406
40210542
48361496
60601371
14096042
49341672
18557581
48377737
23497061
13887196
47860403
34006714
27828792
47759983
23897657
43778882
122899338
43507629
20111625
42877449
83958864
56933746
23961307
8735680
10504118
28060740
33995781
22730500
505666458
11546795
47791684
49692808
47857819
48245499
15804388
47851328
505050330
48905508
10271876
47856941
60601311
18340959
24862483
25818200
17818318
49340739
15973340
32117741
49334373
5257620
43847094
48854195
30731505
30505497
122764071
16852075
45595364
46322347
506935961
45954463
40556148
37877559
34070402
48805728
18582295
15618562
47822278
48252426
504989340
16943627
21928436
7621935
37957139
47862547
30558836
48208350
49419562
42915113
33923459
29926441
24441362
45067980
47882705
499071428
23510135
15719790
48775709
45903907
19116462
27773521
56933732
48240614
43848378
31773749
23504067
30818140
33993581
47918111
20265200
46307347
40556209
40245184
46383331
47816587
5503197
48176619
48209408
23231358
506121965
44658999
80104828
26580178
48361280
37962910
30494633
17366975
13884074
5796601
45064487
43622051
40598821
79672138
22350459
47826664
10427385
43235971
19387160
50726416
17813842
19298731
34380854
31907224
10112234
49422380
23498348
80104385
47865624
499867465
316549332
