42866652
42867317
178201192
175628170
175782066
29037135
177868176
178165904
178360339
122767412
23699298
39028156
23516851
36690352
175578263
176022449
23517177
26034113
15803198
34143897
84571141
17998985
81003920
54361273
19278873
43607704
32477354
175427470
25688385
79297943
15480987
23066358
8001295
41893740
23489391
42825554
175913836
178246732
178691616
14473442
42862591
178125244
175952998
4305204
15974201
42847191
48209408
79081089
42847192
175413094
176809420
178149109
26824458
23492368
42943752
25583320
176403890
13858591
11776975
42812642
42893002
177098687
84589429
22645643
178702620
79919778
14936839
178125380
176336538
176681112
42959529
23169784
42946610
28043561
29685021
25342928
177748578
178694832
175580325
42959379
42914493
20614088
22363445
42865729
176731324
177774184
30147113
179131494
175572840
176497094
30412794
42828982
25521313
25606521
175394226
42873239
178324530
42865654
42865655
42905861
27367004
42866613
42866610
223289748
23520843
175570085
178692687
175484885
42882468
23249564
30478446
78408400
178514187
178664595
1348767
178685863
42946541
177133188
30987600
175568363
9813277
41871837
23508275
33923427
16840273
12571991
23008896
178010119
26285946
42915042
79028722
176539962
178201104
22320214
176828739
23507090
178538744
179117438
10803258
178436231
23154186
178056163
34531972
177338979
4275019
178015338
176335007
30080975
177147789
18471917
31511183
21642357
8556953
61619307
176478651
29933935
21541809
178684853
42911643
176041839
25341439
213833764
34006903
175699058
15333949
177189682
22377554
24893819
800706701
40874245
176005039
15605082
175783982
29067520
8039686
29685613
178405482
82864877
84433823
21312618
42862191
80226853
40317801
33856977
175494219
15635175
14228328
23496925
25292730
42906069
178263420
42915130
176535562
25654561
77992562
175629969
42655997
178415036
176785229
42862635
175938512
25296938
25829438
28143963
80047494
178382491
176213037
42914421
175793386
178191663
43519652
34562229
30886972
23506041
32540547
42861214
36639128
29253381
42939373
31632434
25342431
37242939
42862554
27458554
25337601
177774193
42882115
42847386
31879293
175499753
23482712
36308211
41100884
178139892
22319234
42865646
178696123
37481947
178696129
33996437
32477577
42851896
178736882
34848320
42882099
14197986
26476466
17461923
26285949
42914952
62429813
42886194
35257227
178138948
39975628
175551097
178462150
177252724
179138053
178493717
25308287
31008162
178310915
42862676
42861419
178317966
30345041
175741012
42876485
29685364
30987703
176805781
179580076
15233093
177084492
28007407
41192608
25342893
178433438
12212464
178093415
37614062
179665191
16840216
21048022
29633424
175746409
42943737
42862604
26452939
42892998
176382499
28784752
42922961
176731376
26231921
15289811
23499522
25082056
178326984
42915081
178208861
42915056
177057276
23521383
175744041
82391080
156793465
26003884
178214293
42898892
178399220
178696369
22675457
178366900
23508255
179093685
35764072
42914910
24292682
42899082
84451373
42826057
42867477
178674829
22364204
178694310
175427029
178150901
178123431
178125905
175695945
178682787
178327564
29798582
178692465
25336664
177643121
42861024
35185708
18397446
178401116
177211214
178141508
31148323
175971153
177875503
26285913
55507708
23698311
14938086
175441731
176321584
122722594
13999580
35185634
178390589
42892954
42886206
30956228
43735456
176718476
175743037
83431419
179094281
33994545
13198491
228368607
42840959
66745585
42846821
19710036
175564508
79110505
31983104
427911282
23515741
26601162
26601085
23513128
8078019
178405442
29798601
175468250
23509170
178305583
30475803
17505176
31858826
178082734
42886119
178349860
31823721
701491761
23488721
43244138
42844601
9962171
178125782
40971650
42866632
23492308
42967580
178304167
178694273
178702577
178169060
42914940
40732528
26989232
31879271
78116258
176850973
175915209
15481255
32175586
34094837
178127751
145624240
16307879
175370575
29350472
6833620
176828325
42959531
176828328
175774575
178316286
10058520
178392553
26601047
178394373
175624705
18363691
178413448
42862613
42936462
42862615
175868416
28771742
23510861
83557541
50639031
81571572
178023225
175668615
33923648
14054126
42847119
177103860
25306661
26275736
33108373
42914011
28607320
177925868
176713491
42898824
83861710
18688987
178035552
178681433
22318836
42867643
28543472
176710733
178318716
42959445
27458577
642679159
40873881
28144459
61637844
178150937
23910559
13083862
82015997
42946448
49371138
178131088
178668153
25345138
178304422
178405141
178127104
178127242
42522294
42830813
178412768
176377332
178692352
10218502
23515890
176547613
175404344
30984369
175625402
25459335
31257671
49371917
26515755
178696921
84272282
42812117
178440748
33857033
176287736
178433374
178116211
33993502
27443266
42938045
178069325
23491886
13219738
18100759
36849288
178276548
15101288
84496363
42944888
42819491
42866807
177810199
176789970
178691137
17379578
178282713
