42862576
40890146
23699595
30515530
43487616
32418640
29685472
145082186
41100711
42951344
42812631
27033342
51782623
49428287
14270265
83567217
22427695
23695456
42944221
31676012
42862600
162502323
20352396
34526090
23486830
12144073
42866866
25296847
78913077
22304599
79079549
5214028
42892999
54560110
23498025
23502357
31148313
168779755
78627022
23497273
25344975
28961289
27054440
81317204
34064505
175696178
145566912
27635438
82745695
19592771
22336264
42519932
42846574
42881708
43493177
29745491
9346762
81869530
9014095
42812675
17814900
15968565
57626462
42276579
22329499
43866493
43370624
43570341
26838966
42899470
12006979
12016692
37614670
18917655
27236519
84195335
38196318
40819360
12016756
42892556
25345043
35114218
23485880
40969939
42899036
13636182
29937265
36530387
23497197
30598670
42840472
42862549
13634019
12007224
37946226
175698369
669888714
23697665
82745371
