784393462
784357060
784211813
784312472
784302038
784395628
784484997
784526196
784219402
784339774
784333462
784319792
784528620
784303753
784452217
784450954
784509901
784454971
784453539
784291917
784456818
784296470
784458286
784411053
784393475
784396693
784393577
784428305
40975640
784295093
784305942
784394396
784507973
784362432
784328014
784452238
784299139
784398326
784409488
784232087
784526452
784419305
784434503
784430359
784482561
784293063
784323373
784406952
784261042
47225981
784296567
784508137
784409918
784505591
784495840
784211717
784509798
784451049
784329319
784505576
784448874
784241034
784283105
784445849
784325878
62167668
784462222
784290907
784510900
784403820
55549641
784467784
784508941
784504562
784230915
784311099
784543946
784393288
784564343
784303781
784407394
784510251
784510252
784510254
784317833
784510012
784423036
122767474
122736558
784382276
784449169
784424545
891383392
784401120
784408490
784450949
122889383
784211734
784303550
784199479
784260846
784456611
784511001
784506949
784330808
784341004
784383276
784411068
784430361
777087935
784430362
784430175
784393569
224322978
51638312
784331139
784209189
784505813
784296555
784413503
784390729
784505950
784221902
784427200
784302168
784539275
784324022
784397157
784400051
784403873
784284899
784379703
784332640
784519595
784274525
784408355
60507109
784379976
122738372
784509103
33116937
784325555
784280110
784507086
784403783
784337717
784399095
784289244
48208200
784554886
784409692
784401271
784461968
784366671
784331159
784366675
784458111
784380154
784505637
784458384
784456865
784431789
784334396
784463558
6930705
784471183
784469021
784320960
784452526
784510895
784323191
784287906
784429347
784310782
784467920
784487278
784449994
784505845
784341292
784331142
784210450
784229908
784384705
784431659
784401901
784505589
784450927
784528738
784507895
784452209
784510256
