15289612
8598710
57293219
21713655
25522606
17389003
504989715
23515364
80716743
80829662
29350207
213744810
10058520
8545931
13959791
31284111
22725317
250026246
19638435
226970425
55482705
23490851
83297417
318940071
28271626
40208597
122741536
11789625
476976437
23486133
22427613
23495047
85100367
22123491
15266029
55484400
39813302
22377554
708721930
18882848
70801407
23509007
37106513
23485729
19387136
892545315
15513280
122702902
24662896
123270492
16075004
910502041
23503696
59818019
42847119
28784752
8616648
31148323
23496925
44665778
16317053
318937466
23120020
21744976
27367121
476961367
122755853
78469611
7872349
476976562
476981550
863261639
21506318
60509629
29298941
123021413
18316321
26641640
5463003
64041587
42979924
13889499
19475151
318942193
18917655
40699927
477056217
892546164
223399248
222241674
31091849
227032030
47808844
55203462
11482846
68138749
264971560
706072221
214964443
13862696
21685190
122984614
29296490
61739250
40245463
213921745
20256266
476974655
19110782
8962151
23490661
214974119
22680511
30940777
897862852
122826386
862568225
14473442
122990751
23523493
