42866794
175890442
185037061
175399643
41630212
35185541
29685264
22316575
22319608
43061318
22326078
47247531
178163404
26629617
25297332
178149444
54868495
23514115
26034114
178263337
42873278
82635587
42923081
42915018
42811830
29834577
12710225
13760203
79364092
176964657
34831345
18358739
178736142
42783266
23514364
176535934
177279349
78256881
176354888
179602449
82334192
49372511
10281254
42823953
176030410
41972656
28225483
42861487
80619698
13158553
27444237
178056155
22317655
176338253
29685503
178407658
57525217
175416850
22317123
42915265
176191263
178287288
28007993
9468887
25336049
42862749
26629647
22774034
49366529
26727343
84280283
42909421
31196910
33854836
41973446
175418606
36690002
28543401
29685421
177850683
22321132
219520311
178694339
19360811
178691896
25521319
21281403
32787886
36356739
42865657
11234348
42804555
29706192
22321867
42944759
42828717
40260105
23507228
42915165
176345093
42915044
244044515
19387170
42945662
26476484
178283077
179141886
49364550
70682159
25579084
176536941
23697192
30344977
29780235
31164244
37614583
28545490
29286420
27401888
316549332
176780584
16412265
36683879
29706572
26601068
28713461
33856655
26629480
29782061
41972513
42866785
42692709
176522636
42896765
21609352
176831442
42856746
77752496
176591426
45123585
23501228
35729091
17544181
14517188
32787937
41973021
27274391
503337673
7669158
28544968
21280657
25688399
25725274
23507703
79619824
175679966
176606977
34094859
177228492
264933410
29745540
23695584
23484434
932190839
175635168
178260528
42982178
223218179
42862586
21743926
176618519
176809223
176357902
42914352
178693050
41100228
30494645
175646298
27444222
178296807
29631015
42892493
23495365
34031369
42936561
42804730
28073967
26520703
29782147
80777109
177233879
175984242
23514954
26629639
42847545
26601093
21917079
176261525
42831810
175378167
65417923
27458558
31858833
23695407
176731336
40818823
15299674
28326501
25345624
23118569
81477139
42804545
81098849
178703630
176005109
79793830
178125598
84134406
33996138
178692238
35725694
22317215
23513525
56015247
176343059
42892514
123028397
178675548
29782178
22642420
13394770
78313937
42862672
13152268
176814695
79761394
39834561
19122142
17213280
19242703
26601052
42839264
29531374
26879084
32306768
18007323
43244258
17380509
177674126
67308634
77911937
42812626
28874916
42898898
26941887
29707267
176326371
176321676
26231920
21633722
175627526
42899374
81181055
80633871
42036103
22321018
29685590
29685591
29327802
176725348
175853506
60354873
35143456
82334101
26003904
54462452
25725301
4350220
20122041
21116488
29834557
27006885
29834550
29834551
22680097
42886338
21116504
32639250
32477543
178322084
42865810
42895550
26004400
29866004
22319933
42840740
23496622
42847079
19870372
19475151
23515225
82975911
42943075
25579106
27983312
122879125
35404862
25521248
159940956
33923877
26629621
178693237
61740535
26285976
42824585
177060282
34253318
29685411
78955273
42831971
42799639
28811479
26452943
28458130
176534661
176350327
32884539
176032055
29774116
37697667
178386974
17382107
38785670
26275675
19810110
25069726
35048787
176338852
45589412
39826285
38631944
23481772
42873268
32117741
123341093
493853600
29834581
34132766
80606288
35600743
54630972
175456686
28931065
28925688
10220270
25338595
42800986
29567150
122952954
175725901
23921904
23499797
178247397
27444205
175406568
178723008
18769761
31026850
79110645
175870102
31731538
29327866
22266724
23127621
84981683
82635641
20721390
179592971
178117081
29685587
176249788
42911050
28191735
81576950
178128401
26034149
29834554
27983805
26003914
176705834
42862537
79241797
704352176
23489967
176032395
22316129
29685634
122859754
49364621
30653626
36558033
77880299
43110734
82496531
122883480
81327245
16105967
54362343
61619054
81110530
27274882
175456403
43652854
84450587
33923282
83719097
175401086
49367963
1049412995
42886218
22726170
1004649085
25583318
42862715
23517082
42862711
10218477
16086183
25461087
175740389
842147086
178392057
42847010
29797236
42811337
30887393
122826386
3859611
36849287
85070396
23519119
178683814
68140924
23518839
779532116
26188481
78788207
