784183282
784194976
784194979
784183354
784195269
784183202
784180759
784180929
784181437
784193184
784182371
784193166
784181382
784195067
784402102
784196020
784193263
784193265
784181011
784193160
784183042
784180859
784180855
784196200
784188656
784180917
784183126
784183125
784545900
784189468
784181259
784181395
784191391
784180754
784181254
784181153
784189370
784181156
784195964
784184313
784193275
784182952
79079549
784184621
784195077
784193367
784194077
784196848
784416363
784180660
784507906
784181451
784181450
784183304
784180746
784181457
784192275
784183867
784193176
643317902
784193161
784193171
784193245
784195024
784193230
784183305
784182945
784195934
784181961
784183256
784194213
784183259
784183258
784182010
784180674
784193158
784181033
784182017
784193319
784180772
784180678
784180770
784189253
784181334
784181338
784181233
784196170
84272429
784183310
784195925
784194118
784342665
784393199
784183012
784181974
784366713
784180518
784192985
784180888
784195027
784195026
784193148
784183098
784429223
784418491
784193142
784181344
784181347
784193028
784445544
784195089
784183162
784195957
784393344
82166322
784194044
784183276
784194030
784401185
784183363
784180814
784511166
78172510
784195234
784195031
784513225
784181299
784193234
784193033
784193036
784193132
784407233
784190148
784183265
784181952
784195123
784181955
784194032
784183373
784188185
784195002
784181282
784195000
784182047
784191345
784195004
784181330
784181369
784193203
784427177
784393578
784182410
784192137
784451109
784180853
784184169
784181076
784194166
784195015
784195010
784430375
784182117
784193218
784195250
784182112
784193215
784181989
784195258
784193057
784193054
784181179
784193088
784449845
784193116
784392042
