642481853
29491722
12097811
36465749
565756161
318941173
44193312
23490914
60505993
224653345
1101183306
22172142
23503263
1080451945
122896466
43061540
60498561
40974961
900486433
1059427183
22339833
17529044
31054174
122962173
43979998
1057894465
32427464
60498307
60506406
43736092
163596508
122826478
60498511
123318076
10247848
31228097
71010886
122817590
123341287
60498410
60498411
652170908
40970773
60509348
43056494
16944513
1027093737
23513103
1084653464
318935737
122726080
48384889
970663288
31083690
21688647
50548739
862568810
79571427
60506212
60498644
21242210
36530086
23490096
40728791
22094668
80999733
37946200
30384697
42872288
1083493324
318938401
33857341
70070304
122986957
1033893106
1080307299
23512142
17854314
137222494
708707311
318179112
1057468513
36106386
506337142
60498458
60498822
318938368
34232580
84557496
565786199
122893170
318939923
54165000
20456033
60507302
123339663
122899468
17028818
29051822
29927279
71348355
60498073
16151560
29796996
1033856244
72519841
122811833
123318923
70070338
56800103
43226149
122748302
864910510
60498380
1023574769
1086200928
23500607
318938527
15268576
19805590
24810513
1041876491
318941306
123004545
60498792
67309113
1048969671
122818324
62426979
968710097
69878966
60507121
318938590
60498553
606052718
45564857
41102492
122983881
37216958
122899588
60507198
60506115
11907606
1083205275
60507194
264757853
60509892
60509897
24407996
60498033
43215742
122955477
68139754
23521643
977940792
122825556
27808253
71010987
10207437
145082169
318939781
34203335
80964016
68178615
1104856417
1010483293
42882111
60498537
60498535
122794952
43095145
122823080
228424351
25655487
40125723
60505872
264889719
60499189
10949700
318942724
60498623
60498622
1083201432
129144518
74817699
183907335
61561778
85052717
85021106
71010932
28326978
19888616
1033846399
318941974
122797026
23069629
48069247
318937962
318937885
35758983
60499002
75182993
122797325
42800032
23514090
79618760
1057472437
33993146
24056325
70070322
23510165
23481743
60498395
29249263
956971196
21751252
5245904
31529179
30474696
427999475
264649584
60505905
1057470869
60505909
61210661
43174333
1057470644
23512508
30120915
60498322
60507119
60506425
60506426
54153478
34070402
318937020
31529227
43222361
22354936
122899594
122726157
5587781
31912854
60506049
145082485
813672813
318937727
318946521
1086172701
71011013
60508258
17738457
318940906
311528253
27454857
264902494
54516993
1083632555
28930986
1079395782
68178623
33855673
56934763
54291995
234400420
16348964
60498111
771577220
60498115
84058400
1088722240
80259763
32312275
45261312
80196828
39060300
63514568
60498685
61210491
23501516
4250202
22968212
34528484
40776203
318938930
24009701
19885465
60506176
1048973216
122789151
318939331
122795849
122686449
45068310
72869205
10590658
123800224
33855002
264889836
122779424
318938686
43406771
40579392
11643317
1057468431
60506005
60506417
10058520
318934339
123023332
1048981723
33993245
29798480
48634037
28060810
68491322
33889761
60508204
318941418
4325142
416584888
60498013
122955517
39768570
1084245298
37209458
122795089
23508268
85052564
32693302
60498658
60506224
1083650946
1057485974
122838997
5155947
47295233
318939174
30026127
318940482
40593341
60498335
23490871
60498336
318941922
122803682
122803727
56199405
60507087
71320360
1091997468
1084724865
85091068
43516746
1084248386
43779080
968154706
122717826
60507176
122641585
264055289
122811978
30000390
18250184
11806499
47856344
505206257
31193795
318940855
32793112
35726094
17054842
23499058
318938094
20111654
32318748
