151691186
170824425
43848315
11697188
18197486
15285681
62480820
24324770
60817980
45903869
47809252
43893647
4951250
10150465
32383333
8961734
80299312
32787947
23099808
20036953
22783461
21921340
47808959
23502442
11264402
7873277
37394236
83628141
13125259
51759430
40973764
417026592
80859230
18606618
40969477
25878359
505666272
505666370
15307210
19743303
46321995
122855919
123190784
23486842
32341361
26321730
38983623
123190789
507645265
34376859
123318070
10194564
10187751
506941623
31823688
249552123
47849541
8966368
24830534
42865799
264992561
19475129
22230909
23509810
506904703
82576854
9856421
856640887
25345038
51638434
11469111
22229103
48862557
507855629
505724714
25700677
17238929
17302212
23487595
9007275
55599801
506883248
19725682
46239389
8534533
32976225
21994835
12719869
83628298
29902973
58978343
22535719
46308128
23513128
8429438
16852785
37632762
7659466
61326795
22519833
9332240
505741693
58978406
51945658
49770884
60601217
8454988
23506182
21022241
10112234
46344619
18207522
47924066
