18364644
47847557
502516099
49340347
15034851
48157830
49340186
23489739
27659366
4392714
23501185
41102179
40685450
47862035
21642357
47851084
47834296
10214835
33924576
49376188
40685435
24633703
47809601
505222195
32577268
11541339
41007741
40874250
23511756
23497150
48196500
30057564
17467688
42873273
23503037
30940642
14511933
47890358
50579256
47858292
29253915
47864088
31618357
25172115
14927796
22526512
48215318
21469120
19090897
47850916
36264615
47883173
49355190
6810330
80409552
16625596
37483083
504989715
37945797
37336252
29350785
264840326
27041014
48157936
17044816
47755496
15550511
30562087
23484739
36264440
48022743
47755258
36263765
22807259
43983445
47758161
18052246
47834489
34014233
47850768
17895081
4250259
23501272
7122162
172888102
30353076
33995771
23482396
25603962
33924940
36513838
44878513
42865716
33924520
60775513
15623618
47858327
56797871
20047079
23509761
23489967
23490160
49340389
23490595
10158596
23492219
43736137
14116961
23508558
47809055
15250824
7669223
17065500
47848524
21506383
47757597
12050992
47882232
8961380
23492186
23506936
28679408
22757530
31289090
47851944
21634646
47800376
47942065
47856975
22213685
71314881
47914005
18918989
18354777
47809105
11795623
79847372
45303976
30506073
77616758
22592575
47850265
15123025
20379736
21645657
47899656
18250830
28776938
30940784
21279749
48264837
32438739
8616521
34094598
26977604
43235800
47760150
9921700
33994725
22482393
56712123
47807195
20570831
34380847
48032591
48361446
81901540
187458285
15290238
41162541
26678006
10614171
49675568
47834433
176978894
36264396
47816563
47997611
47721081
18571959
47857627
23486208
47807343
24576120
33977787
23483004
47758558
49359233
23519523
47850142
33995433
35528050
