784282934
68139257
784272622
784272627
17862985
784520668
50579012
784510135
784264217
784227621
784264214
784512092
18539426
61738685
9346753
784283124
784276905
784425776
15039066
784248135
784224062
784510964
784276924
784282876
784255760
784242639
784248099
784249473
784244150
784274203
784284730
784264160
784227675
784280093
784262131
784246500
784264042
784260884
784406533
784266790
784271504
784231011
784261125
840573212
784266553
784280014
784259662
784280198
784255852
784242744
784284717
784231074
784284712
784262551
784276621
784510750
784280082
784278418
784264215
784271638
784276767
784262311
784283184
784272540
784260830
784226585
784226996
784259630
784227795
784246288
784282960
784525504
784229735
784284760
784252423
784280279
784276888
784245150
784280111
784252076
145082095
784278358
784222220
784283193
784261100
784244085
33855647
784506270
784257604
784275585
784262491
784506278
784259524
784260680
784259561
784264259
784226096
784257330
784276970
784244105
784284662
784282843
784264151
784264153
784227546
784227661
784271635
784226013
784249190
784509930
784227707
784506283
784276782
784281518
784271478
784271534
784281353
784271572
18200043
784313644
784280064
784266500
784271432
784272288
784559218
784495762
784255806
784284694
784247957
784260873
784511014
784264127
784264126
784266861
784227009
784261086
784227672
784278336
784260766
784227676
784260769
784257431
784264479
784230925
784268669
784268612
784342278
784229513
784268586
784259568
784284689
784246396
784510742
23485880
784278000
784524602
784274494
784225943
784260678
784257426
784539432
784244212
784272501
784522350
784406690
122885109
784260811
784257600
784276846
784264103
784278014
784264106
784508866
784283024
784271483
784227060
784227614
784509161
784511016
784260675
784513311
784271399
784381069
784227814
784248042
784266439
