784248141
784341084
784483607
784363842
784580890
784510206
784489283
784509261
784529978
784319884
784504854
784504852
784528741
784341685
784513198
784509873
784509870
784251428
784340972
784506005
784470067
784363759
784469439
784505612
784381605
784528829
784505593
784329671
784520438
784486855
784513221
784323325
784321098
784469328
784513226
784341232
784510231
784527699
784364765
784540655
183890660
784467419
784489256
243910092
784366272
784545907
784366377
36485039
784545901
784510133
123002029
784469402
784469400
784329331
784354211
784342749
784505602
784531704
784505835
784526510
784321248
784487049
784323331
784539414
784486681
784364621
784519574
784510228
784487175
784489205
784486267
784469032
784509792
801202748
784520441
784339116
784510149
784526509
784411164
784363838
784521267
784511159
784332304
784520997
784407237
784340914
784413771
784528805
784513204
784341040
784242754
784489190
784506975
784507205
784507297
784509804
784520454
784338816
784241025
784505973
784385525
784468486
784359425
784292233
784317898
784470018
784339538
784317858
784291026
784526473
784359364
784509885
784549135
784363621
784482731
784325680
784513213
784249177
784513218
784376761
784505843
784510859
784510858
784507325
784507326
784322142
784560299
784507123
784422970
784467932
784486880
784510243
784511000
784358371
784520422
784520582
784312325
784505945
784425369
784505943
784504703
784486312
784509033
17808937
784399102
784363540
784360513
784452258
784549115
60506111
784468456
784513199
784519844
784342261
784539440
784319751
784505975
784507057
784483632
784509881
264757853
784319853
784370334
784262501
784272585
784509820
784325527
784510229
784409728
784469056
784348219
784487096
784321283
784505958
784504825
784341676
784505897
784470031
784291233
784306172
784409798
784509882
784257437
784378761
784360501
784505867
784554895
784509880
784470013
784503884
784423192
784507208
784469365
79787063
784513182
784469350
784551987
784341347
784489246
784313571
784549133
784554885
784463555
122893316
784554888
784421019
784408177
784509791
784506025
784469998
784332537
784513240
784510822
784325480
784317888
784249432
784505988
784509794
784363770
784317808
784489208
784337609
784550263
784509279
784409829
78513979
784505833
784333585
784341198
784470008
784486754
784366562
784482164
784341691
784505934
784486611
784293755
784397387
784237419
784246417
784510813
784469035
784510055
784511079
784340942
784333514
784398266
784332306
784510153
784505870
784419280
784505841
784451111
