47822247
18208288
84289358
21713655
23129382
49683081
40975777
40237335
28955937
123337973
48104053
15028151
30329971
29298142
316075612
18102992
43931507
13820214
29062997
51982192
34659155
40975971
40973190
40915802
42840762
47812949
47822333
47851385
33824009
47924196
9114736
47942104
43222126
23512163
47722806
22201538
36599610
40974041
47905562
49694037
57209561
49355172
23508139
35048729
37324336
84444082
47861976
48243929
29883795
48245390
11749558
22715563
29344259
48392568
27789110
43196715
47806024
48208327
30927725
36551849
47814190
47807656
48193175
47849669
23507032
23514368
28765534
8653236
48202491
48196685
47829320
79416191
10129783
29774447
47757060
81765890
7750408
56933745
29491275
7904541
18363755
28701456
27375784
505009948
35639228
47722866
43195451
18576592
47918820
47855561
32531080
47881983
23518572
47847578
13079258
44845611
43536931
43295514
17723549
23508668
23417146
47827748
47942156
33992827
41354577
56922691
48822424
453139628
20030214
47758764
26846658
47826755
23485900
40974939
3602654
79158271
30573868
506120577
82805117
23497379
33923271
47822688
36905373
47913371
48805965
36503824
23743650
43265061
47813435
21789239
50200527
47234567
47911876
40236479
47813532
40699927
23506641
47832918
18923758
47809109
47864925
56163002
23505220
29254033
42866618
47855508
47800172
47755212
40245090
44198999
47924146
38997896
48208200
17044694
33992715
26275857
49393228
56798505
48806392
504979931
47822655
31238880
47717319
36599461
505038637
31217535
3977521
47882895
47758541
23961428
18342788
46365656
47721063
47760656
40974859
56834476
16269189
15743128
48022706
47864652
47717261
49340514
47813215
47813455
49340981
40819623
47833094
23486151
57024418
47813045
47884615
47881137
47755320
47925068
82009530
47822166
19959772
48248532
40556150
47884492
