784322230
784325740
784406859
784324194
784339573
784325744
784405203
784409835
784324458
784329085
784413472
784365574
784324057
784401961
784406330
784399944
784328333
784323284
784357538
784324112
784540680
784354105
784330843
784366591
784403950
784391763
784331174
784332206
784323115
784323112
784328237
784330640
264668281
784332446
784362460
784406208
784348862
784330372
784323203
784409725
784323201
784323321
784323320
784354343
784323450
784407030
784332619
784401957
784326951
784323532
784401969
784381224
784323536
784406162
784330747
784324061
784325690
784456412
784376612
784403103
784409766
784334156
784406430
784324452
784406540
784366429
784402017
784415067
784328010
784370401
784323123
784327139
784331166
784328154
784331161
784326958
784362444
784331169
784528935
784365377
784332560
784329664
784324297
784363453
784351353
784329548
784357577
784329546
784534624
784339567
784406624
784391879
784359763
784325763
784538447
784364623
784329552
784534684
784458090
784337752
784325473
784407154
784323424
784328297
784330883
784406933
784413509
784403804
784409730
784366364
784414957
784399296
784358217
784555829
13515638
784332234
784345042
784332237
784396613
784332289
784425341
784327257
784327256
784323309
784399049
784387894
784351414
784357277
784393385
784393286
784332230
784325462
784407149
784324085
784363554
784324087
784383274
784422965
784415065
784409735
784401055
784323398
784391773
784339742
784366404
784324481
784339745
784339580
784366354
784324246
784407026
784323394
784405178
784409732
784403082
784411119
784354072
784423280
784328046
784325860
784389846
784330955
784327247
784399199
784396722
784416665
784327012
784325602
784560471
784391799
784321429
784528795
784404051
24592670
784322544
784339551
784324313
784334267
784341257
784324095
784394512
784324157
784330554
784406526
784399183
784375629
784324495
784409747
784385596
784534303
784363502
784530149
784406958
784324396
784376379
784328043
784411292
784383271
784403716
784409731
784322149
784330817
784355860
784332242
784332325
784519846
784325549
784325548
784399207
784505875
784398162
784325771
784347765
784406906
784434660
784449790
784328080
784322209
784323474
784388098
784331146
784391825
784402999
23485279
784322203
784378885
784339726
784382556
784409807
784409806
784354151
784332403
784328956
784391716
784334826
784390664
784371113
784322173
784399175
784322171
784327234
784366357
784327078
784390006
784366338
784329501
784332330
784399938
784326995
784321447
784325808
784540554
784325558
784330632
784332233
784323371
61203541
784331164
784426989
784322277
784325551
784325702
784323185
784327983
784413496
784422950
784323183
784379992
784322193
784512050
784399901
784331052
784322196
784366577
784414836
248823894
784334761
784426966
784354122
784330901
67307964
784330903
784332191
784331155
784454812
784413467
784323346
784413512
784332422
784327342
784371615
784361824
784365620
784329758
784340907
784409770
784391747
784328910
784322228
784339705
784376633
784402080
784364676
784366586
784339703
784406211
784375498
784387877
784365587
784409744
784409740
784328077
784328307
784329016
784413489
784365585
784386245
784409729
784330857
784427202
784332408
784528954
784325821
784397116
784325824
784325825
784325828
784325829
784399223
784376643
784360783
