60509304
83500355
33857397
40665392
25905051
37719587
82170873
23496652
219631998
23523141
60601363
39941093
62508258
60601165
60601338
17213280
43215060
23490851
22157706
32374086
33966609
19242703
23515061
60498760
79294321
23509734
60601375
22427613
5534589
60601370
506378089
21986433
22620737
60601268
264737457
29772760
25725273
506941635
18209836
21933786
43909810
22651825
23504451
506829309
23483943
44664238
506403541
506334559
62398359
43812691
187460097
45321524
20388619
22091898
45408057
21645587
43933688
506401271
23501643
508496016
40570253
22320423
82261884
81649599
42914655
26472167
9590309
60601290
60601317
793201944
60601314
25779728
14977769
13047785
26842969
47867419
13979436
42873225
14253900
25043814
60601247
60509939
44793225
60601329
60601327
42865661
8351637
506311718
506853647
506418413
23482060
428077029
46340773
24824065
33830862
33924924
23515451
42853894
13223578
48549878
60601332
43088656
22427659
48500281
60775345
67765448
60601236
856640922
36123959
43912031
186516297
43912034
23514881
77932445
33860883
214292130
43846640
5454814
60601345
23509269
37036443
82483631
505026273
60601347
10396041
60601341
34654417
60601343
36150525
60601225
506337142
507387890
19676740
40972593
20046904
17382107
506315041
84058400
39942749
60601296
60601295
60601292
43931518
23515871
10196791
35205327
60601298
26136544
21685190
506403457
34877104
60601215
60601359
60601358
