784360883
784456816
784360884
784508156
784466266
784408090
784380135
784442069
784520701
784470069
784466203
784429331
784419436
784287974
784358336
784262395
784347185
784355600
784380937
784511042
784365449
784347723
784504672
784508248
784543949
784506114
784446076
784360795
784511044
784488849
784360791
784289316
784242794
784513509
784360009
784469151
784363468
784360020
784450885
784505649
784482804
784510079
784438014
784509917
784504689
784463659
784380897
784370372
784461800
784301978
784440387
784509074
784309486
784506396
784348319
784508105
784505567
784413768
784507978
784506268
784505563
784508318
784509068
784356797
936117382
54305792
784506263
784509063
122813062
784509065
784577284
784455008
784346130
784467403
784528839
784289300
784349950
784504680
784506254
784466241
784509084
784409509
784248088
784467130
784509080
784525184
784354688
784348854
784395726
784315037
784509993
784349556
784408154
784360731
784291953
784504647
784428540
784508122
784510006
784505572
784434673
784505570
784363449
784504265
784424530
36080882
784360541
784507909
784506300
784360874
784369584
784434616
784508226
784289270
784251161
784413772
784577282
784514655
784512137
784514656
784405570
784453579
784534675
784476148
784348777
784341178
784468112
784370113
784463345
784525188
784287940
784486540
784380148
784511202
784505789
784505545
784506079
784435576
784408325
784506074
784426817
784505783
784510014
784341159
784363531
25521339
784363533
784338582
784505541
784511053
784506272
784509899
784262492
784454826
784509895
784462180
784398052
784463221
784419367
122955590
784380938
784438141
784459606
17895310
784360723
784361813
784459742
784488051
784505785
784360796
784363475
784287933
784506049
784486559
784506281
784402787
784403864
784509076
784453381
784292851
784506369
784512114
784507217
784390638
784512118
784504544
784370199
784505653
784287982
784370130
784381373
784429285
784399061
784466198
784434898
784381461
784359998
784504942
784508115
784339724
784365438
784528779
784509909
784435553
784509907
784509906
784509905
784348668
784506292
784287928
784348215
784463485
784508192
784511881
784452245
79904123
784292098
784360505
784356112
784347183
784519593
784506216
784346423
784509910
784505644
784423260
784268619
784426766
81618776
784528974
784463674
784414758
784244325
784370336
226073836
784470392
784413747
784243938
784347140
784508170
784507021
784504939
784450027
784554883
784467144
784292148
784509856
784380857
784380762
784369602
784510062
784287953
784182258
784504632
784299066
784510064
784511952
784510023
784506342
784506063
784319915
784513369
784504684
784393346
784360577
784365504
784249559
16148425
784428423
784341218
784508903
784430531
784341214
784507015
784521094
784429340
784413627
784456945
784505662
784450012
784344899
784521079
784249526
784509846
784545897
784291350
784311253
31692607
784456833
784312484
784466281
784365455
784363464
784572747
784380903
784511105
784509859
784291908
784538452
784504695
784363477
784449130
784392041
784509992
784505665
784505538
784504284
