22287648
21127087
234691825
7710329
23489730
18766633
23503643
9152312
18484128
44846110
48839217
10958476
26152259
29298886
48209897
23488210
15730187
22958660
47789961
47849848
19387220
30675308
39835018
22675442
47747014
60388802
13240497
34702757
40975222
16995543
17403278
82001908
43736092
62398356
15136949
29991510
30620133
23495140
29051965
23516502
57021976
47858113
50408102
57018377
23511676
41597021
40688295
48228778
45139756
28187670
47806405
23491843
43243925
23519387
24047041
23512345
63274174
23486738
18769412
42846970
23485064
47978182
51104138
78009798
83259871
47735526
40219697
11174289
56933737
47827255
47806351
45088351
42819482
23483545
23486066
22865694
35743157
45086669
37262251
48019790
40970136
42588825
45301345
28925620
23510403
31063398
44814433
48786168
25416744
