22755280
23492841
48249778
502575364
37297570
20554680
45769278
27154543
10848700
21880350
15730196
33107910
23491444
31086192
46322982
22296732
23510160
223154723
30327133
10110256
506176813
62503778
23491801
21608269
31284117
5018403
50597937
213807772
20766439
26616863
37946200
505791670
46239747
17817657
8598918
45066923
21959899
21614836
23489727
46310557
40186868
45348538
11391986
30585735
33109257
23496686
47942184
29591279
46312938
9804862
46331789
80267662
21557257
12572022
9420145
27274391
123252308
9986671
46310626
264501245
23497006
23498141
16662394
19473257
21632902
33922868
57209578
42723663
13889780
20576135
7682065
18470884
34887734
37978744
23504871
46313008
16852622
33923679
19599142
46322084
78260904
12719830
21476926
47755397
23990333
22351035
29960022
13891303
45079469
45436663
12719702
47815337
23514176
46239561
12885883
24808604
31313756
31085102
84980715
78967369
224336146
46322500
32365617
23506371
18116438
54294160
47856629
18316321
31085910
27914472
30475717
26839250
33466753
21686593
23487040
20825458
46322372
22284293
49693933
21954230
47757041
42840832
23486638
23520422
60506282
32577319
40971573
19492450
45062549
22945048
26506592
19380348
18358739
46325280
20121073
7859355
23490259
29745489
45063700
20166920
38245807
8228102
46240135
23515515
17379858
20222978
46323184
29944190
46310522
43736104
15217995
20384452
20121085
16141456
23508609
47139312
26957581
21489509
21636716
16168500
17474595
31148194
23482857
23482498
505675200
9809467
12386490
10213722
33993464
32352718
46309830
20491770
23513841
45066908
22262824
40972417
47806839
33857404
30347611
23497493
23496335
44889692
19818749
30314915
31228058
31193795
11097609
31092003
9882987
48524420
17224058
8001252
22950895
10220199
14511464
