48361251
264902494
832327084
16569719
21751297
47808844
44666181
47809285
168779755
23494773
10205059
22917735
82588387
19372870
46331793
40245449
234383923
32515081
22379950
60601364
506311779
22725317
43949965
48211987
45893745
57022004
43744033
47760710
36264423
24866287
28277735
48208318
49635523
23509926
48205641
505736326
48196585
23484537
29343950
506941767
49629245
48240608
83051066
506679555
45063722
28974389
46331784
41217950
123351895
54112301
23509168
45079105
41102762
78739283
18208389
38779400
46314304
34428740
43949995
23490889
79416266
78159860
