19387187
6354457
6706030
36262799
31992885
60505845
18425299
49870522
46241083
31092012
23511802
46605996
22673917
19323028
23510230
21514369
23508585
44659841
44658967
40579384
29610731
505725957
44658969
22355100
23504812
13959791
21716670
505751398
42914563
32972363
10267213
18062064
31928096
36564384
39991736
60505859
13657124
40975813
10233277
18370465
26456397
14149671
28271626
17206140
17023811
23120020
74415559
10643173
18081952
10037106
24051880
41102108
44659855
505141817
48193286
31404622
23000454
45079367
17243684
505759730
45049501
56974807
47225981
33923007
16625805
40972598
11089339
22769230
46310462
7828376
23488091
45063636
47748477
45121668
35804452
46322328
40236329
10267238
44658862
505738562
42858094
16639789
417471559
22725335
32961229
7057204
29253381
4512331
40556676
9336407
36439714
19701580
45116681
12622273
49482777
45086590
23493843
49705334
13892487
23484735
44092835
19939767
46240155
41099831
22040053
22944867
15354226
45063726
32352677
19341924
22408602
44102414
45085792
35260468
23024832
74416989
38846332
16317053
48780054
48241113
24049504
21881944
17721279
17526137
6853084
145433057
507499502
46313022
40975282
17813155
11065329
33855237
8616648
17331603
31148323
43499743
40973308
45079458
74458490
30327495
45079353
22367788
777083050
46241007
30327012
21855077
19963226
44662815
21706603
22413325
506413336
29944442
22840069
7712358
45128914
9956575
19170671
46325043
13714543
15432186
24104708
25946644
45063583
29798599
46310713
23503010
10931691
504980132
23497115
506970364
23505424
45116643
45848797
31084986
21502323
46322695
8961467
52974936
9024228
8985230
45054983
42655997
32577300
47139599
14402438
17059934
73266674
45249610
40878794
84287766
21886642
44211257
122827075
45128967
24569716
48251039
47865846
45090298
45129586
933572923
3319489
45072915
21474963
22261374
78745777
23493899
32427542
38957110
30483635
22172035
78644301
45087839
45072994
33924729
42923154
46322813
45079382
47822251
85067581
43887552
77994926
30326617
43806094
23490985
21661565
31255574
30531965
41100818
17994783
43439987
8006049
506970367
43015532
27236285
18496112
23486284
31626475
23492618
45063686
74418780
29051405
29266822
17532347
43273155
506254808
18469489
9593733
30339859
