175967589
176354902
22317280
49369478
34562256
14242039
176310678
29685616
54796686
25606667
176696436
26629610
23700278
176546571
28544953
80493543
178689687
27325665
23700043
175636086
175827737
28225489
13154256
178119345
23510075
178435282
175705290
29834573
175749419
179663862
22620737
22039793
176621972
77911986
23697067
176723060
28930946
13122646
179602527
27440439
36117418
175764483
26285978
30327229
26285974
42823951
22316752
25578988
176347880
176009900
176032999
27884473
175351643
175632802
178417851
28144065
27178590
42936479
175506805
27443745
22323276
49364198
78283241
28579288
176793402
29685481
24096533
175382376
176041809
23699315
27080532
26452969
176052775
122754636
22319480
176559821
18359863
179579992
175777623
178187424
178392467
22319259
42867596
42865721
42979924
83163234
82334162
25725322
176725381
81804936
176765560
176546597
185037035
178396207
42847174
29564153
176725254
27739209
25342556
176725251
32477561
301973291
79296518
26476472
79757552
29866022
22319914
33105855
43736088
175977605
22319857
80098113
42899483
178321733
175417027
80936301
26984968
33959946
176064990
33224342
27799069
27887111
27443273
78379225
22321296
176688714
61668191
26601062
22319174
175392157
34531973
33923889
34531974
178276347
176050426
27413294
26824468
84047259
42867037
176666483
27401497
176030383
17455380
178204225
137784936
30581958
178697878
29927279
25342816
22317431
175431811
30141354
176706375
176339972
179641780
47068176
175559198
42866567
178388526
81411261
37635515
30147247
175970997
42914920
62625877
17378808
179084245
22325984
35114223
176382619
33992652
25725273
32356795
175532403
176731315
176591450
176350376
175969304
26670437
22322254
27033365
176287341
83227727
175881342
175816268
176316043
175798309
178332190
176354896
15623629
35214831
78416354
175514554
55507715
176776597
176001748
37140925
25164716
79328530
122825928
42862631
25342764
175717185
175418720
185041531
25817538
176507990
176422830
178694711
25296606
22318043
25296601
26601090
31823548
18606062
22321538
22315819
175800667
27178605
40047897
176621872
176203301
176021347
175432553
28545130
27946890
21942697
27458559
175394985
25579809
176731334
27458550
27458551
22318596
23698568
14039220
175427390
42858119
22516705
178319529
427318870
175740855
36557985
81680158
82167836
60498535
42856796
26578211
12282717
122890943
29328224
27635390
175577886
42865649
176536897
33806549
21330372
175628095
176725289
176404824
177726922
28007956
26476461
176701428
42914950
80599943
123268933
42915072
60498742
176798784
176793615
35185538
35185539
31742423
35185534
35185535
14511464
175564663
23513311
18200083
84433764
176461187
84433893
22368030
80564235
178142471
54251240
28327576
175419148
175740542
175392721
175888623
18618291
81365047
175565498
27741055
30117239
27054425
36229408
30345141
26453198
25829441
175468511
175525497
25829449
175470350
43244254
84466724
42932798
28105694
22315256
80606037
26003876
176617110
59813950
26520707
175576765
301973290
37482565
178213418
175638075
26601072
176546555
175379321
26188224
178653756
35240819
28073632
176053507
175432860
178127202
19031442
29274797
175861550
12010941
42962708
175564339
34031507
178690046
83719910
40821975
175385026
178389488
29834555
26985019
18469980
177503718
26670429
17140756
36149091
80606277
27886089
36149098
175742658
32884510
11545115
41217659
214292281
83082462
37635646
175637997
29745495
176814756
27152028
175785352
178159319
34301805
33049546
28518069
32428412
19110762
175750046
30452610
42886200
34010120
176489108
179048506
22755535
34031374
54361513
28545526
175777437
7782698
22325299
23696968
23518931
26629629
26629628
176357892
175789099
25296611
178699004
176713500
18035968
82249218
29685550
175717553
176203314
178128175
810905773
42874004
178268858
26984992
26843093
175240037
29421380
83163211
26231911
26231912
54631057
32317283
178141100
176622100
178694211
23494701
20383436
176744286
175637979
35554517
80047818
175951758
29834525
13858567
22316550
29798468
40729503
178307812
26670435
83557459
26034108
40776203
176000155
175430580
179118224
29685670
83721743
22319872
27982771
82319455
178862792
178126896
176771307
34031334
23697378
175744400
39165820
25817543
25817544
28578416
26285884
37169315
78139211
176315941
42945860
28545287
176219923
80098259
178213556
178139041
22315843
26275723
122765244
176829869
10888075
42812099
49372215
21258411
175580029
178702632
176334750
176446636
26520712
176777427
34437505
82483953
61506327
36265184
35143561
81362812
26476465
6766889
33994712
176803850
26629602
178433406
175717293
175794684
176546625
78850843
176731318
25725313
25725256
175698369
175931153
36150462
176041499
36558037
176339922
80925118
77961282
49366665
175640233
37399642
37582001
18043087
42915116
27152017
27275817
27152012
176377337
50570092
176377335
39908810
80098109
78416403
23520286
175754693
29685646
82001952
40651868
27862681
178336268
21330477
25296594
36689995
25296593
175896393
25296598
80981782
34031347
178978495
25583317
42804715
8616595
176688783
175456492
17382174
27443281
29782206
175973963
27274747
175746563
23743189
175950905
178671319
25829466
22319044
179584484
22321519
35185530
78964282
25767463
39720777
175570483
122872744
