18803689
20367523
960904465
122686512
39716795
23506179
805019383
922570751
17515564
28935373
43221781
43796774
318938127
26842828
34143897
50163489
23500221
31081694
23272427
20390601
31263888
264946151
11175832
43686874
43224802
122725272
975998390
61739479
122725406
31224839
43529658
40819715
40244154
48816679
26243754
60509851
62173735
13871708
37439359
697271601
29321762
122899397
972521903
122811431
31264989
68139373
318941491
122780214
28701456
122787558
40778477
123004623
318941650
23511078
16962791
863494020
318938519
122796887
40778388
973476562
60649999
760903332
68140880
499875656
122641744
219635271
40976711
56694361
18264492
122725617
67307617
164760647
60509833
318938068
48434634
122741040
58480643
52335934
60509891
430938623
122721956
122796821
318946653
47805678
122709684
489439631
33196249
30500835
747724629
976032410
973879306
78595908
122726096
21480188
318941330
23558293
22988273
975999896
777077209
23516807
81608744
122779773
863401752
61737553
61581182
122978290
318941526
642427848
82802423
122795404
6930705
318941052
264658523
419292965
34166050
40972611
17011414
37324288
33106826
957266059
33109407
122797481
60509942
60509945
475196983
22103289
40976369
