122882504
18402588
80522115
31008162
229920317
23513311
22673917
63665940
23482263
557427707
476976655
477011697
54462483
30562217
122874004
60498365
16666029
55484398
23498311
187671187
841365992
18544925
29174362
265439424
224135643
49002192
54361273
123268913
22317230
31199484
264867742
14927796
39497791
478881469
15811859
9553113
16625699
22590727
43219967
28060690
29737739
21541521
145432879
23510457
22425978
15321061
7227706
22609169
36035765
61506847
862566271
83100721
23498360
40970174
852828718
23512665
49380260
4756273
15246246
19341924
21916100
476977260
23505521
43516798
41100458
862560055
476979265
23513044
30352834
50408102
264868170
318943601
81092452
249821962
23893405
34482286
122823226
55535723
874996083
37961794
29192161
45063795
11831011
43229476
7898936
222204591
7809829
122704204
66268533
22723153
9007275
12144133
52315013
476972048
22211633
55507708
475049614
6588458
23521796
122722239
23513338
23515235
43746018
29051799
40556291
13208386
17421397
42812117
19335727
55537821
21075257
29896527
62625885
477210362
14917133
477223134
123268933
23513525
55482507
62370970
862567296
78159860
