43519589
78115184
58976728
42915180
22161270
799052140
178661185
25296578
178695558
177617192
178122370
80266808
15242855
20802531
42906203
42892961
42882440
28237422
178012224
178312400
175613011
175640598
22324684
42906132
178270765
25817539
26580099
19244822
17990469
42840923
28422416
28879441
21822630
178128452
32011046
81642449
177040069
42885920
41005971
25829427
175742858
175795320
35114229
42865807
26206522
664759755
175931051
175866548
22896678
26957002
27152030
23500954
176528079
176689059
176372331
11794101
176782609
178711818
175739681
27033239
42915522
20968459
42811669
37324338
175929671
664759754
79203787
