1596356
1606259
1649256
1662569
1679845
1680112
1681974
1682172
1683145
1683479
1747792
1786982
1879941
1882541
1921228
1921266
1923744
1923807
1926062
1926273
1926281
1926481
1927463
1927499
1930350
1931821
1932120
1933364
1934318
2021911
2303132
3138231
3526982
3619034
3621135
3638580
3638625
3639428
3640351
365290
3732981
3743212
3748740
3750713
3753228
3753233
3753281
3753587
3753606
3754164
3754392
3754796
3754802
3758355
3760599
3763030
3763148
3763346
3763482
3763919
3765289
3771823
3772885
3774594
3777027
3780426
4608106
4608337
4608836
4611939
4652614
4652619
4680143
4709565
4713653
4739271
4741199
4899028
4905803
4905821
5108767
5122370
5236998
5867969
6319561
6365261
6392327
6751573
7111264
7165079
7288627
