178633331
178700004
12212362
178478163
10550217
22268314
32540518
178093402
23266908
177156344
23099335
25342296
42830149
22319603
27443928
18582312
42831494
13541001
177879306
178312195
42866620
34094626
18426393
29697296
36301789
28007800
176334905
177223845
19013663
176726091
880635795
37243135
178259608
42896259
179591552
178477135
178319698
177018060
25878222
18400406
7203623
21614836
31238858
175567964
175731904
21921340
178689150
178692860
39806759
175432517
42853993
122953012
178682427
19374726
30849982
25606522
22315067
26629601
177180937
880636680
178682469
41967370
175943598
7873277
177561032
17983880
176512928
176767949
44796040
176476705
14927744
26231923
176353764
23500765
55006094
176763199
30457491
19620289
179647480
123002097
22065750
177740113
178214852
17009029
178422196
880634376
10194394
176281218
79717441
178682729
175988247
42823954
178692714
26520767
177617871
33923469
42865700
29833928
175713685
178055333
38983623
54261856
30928442
27862221
223225383
176972190
31823671
178209132
176039888
178408017
10194564
175739839
178193684
54361153
176726746
178212890
176521861
38846332
176758274
31773749
178682329
178282058
22218871
178187584
42853737
13643439
24404700
178201926
178455238
80403384
178273381
34368326
177220596
178117238
28545278
33109453
19475129
175646182
179647257
178701710
178279317
36263765
21242228
178390056
18729226
42862637
175901074
21954230
23490595
42853641
31233151
178184507
176728896
33924306
880636308
28544050
178688124
178688340
176496832
23695355
709684762
175954915
7859355
178680737
42878963
175815884
177656159
177538369
39831249
178391455
42883587
178733926
18484128
42844380
26453095
178433304
179654688
23500032
4333712
176684633
122817441
29610889
179647390
20384452
178061212
8534533
42843536
33995398
42840731
36249950
178692891
22176492
23118470
22262984
178483882
29566472
178408044
178064920
27113511
26601087
27440473
16852785
178675889
60354582
42862655
15034851
42862652
23486066
22321606
176218240
32577276
177050274
23520117
78644742
42843501
175777038
22467390
178305626
42840723
28930986
175820408
178210085
42843371
178694566
176790362
41629902
178404736
23510190
31305180
49374746
175624183
175492787
178273699
30314915
709694224
178392943
10388101
178248357
175803273
42896334
32635163
22592480
175445024
22065766
33995588
8001252
25344987
17532347
178389566
67308802
26601053
