784453359
784482766
33302920
784545908
784519555
784408093
784423099
784297761
784366268
784339775
784511735
784472819
784509796
55551406
784354101
784452243
861706879
784468094
784519528
784181261
784429530
784284989
784481689
784511743
784489337
784467381
784212043
784452464
784193371
784300747
784428534
784209079
784380007
784181982
784560303
784429325
784424525
784447757
784510971
15105642
784454963
784452261
784291005
784459637
784251317
784450121
784393150
784436815
784192489
784292106
784328291
784437454
784429547
784464184
784408467
784449880
784505965
784509797
784454854
784461259
67307546
784189411
784327143
784182926
784206131
40687844
784311412
784407337
784262256
784468119
784209119
784210608
784390666
43227033
784291310
784459524
784206020
784403729
784306059
784509967
784276645
784539433
784452471
784511145
784513603
784324378
784449826
784407072
784324098
784406942
784341070
784341247
784506045
784423293
784393215
784539273
784292856
784175842
784390495
784512116
784465420
784398042
784349642
784413713
784193092
784454892
784511981
863249088
784453246
784512117
784456298
784359874
784469031
784375638
784200183
784308584
784508168
784485273
784369594
784526559
784456172
784332331
784402098
784254135
784452229
784409520
784276812
784388851
784297706
784290916
784481696
784312417
784324031
784486662
784504720
784451190
784469100
784511894
784500027
784450828
784454810
784463390
784458095
784332420
83976049
784205382
784286544
784493410
784453349
784428204
784461205
784375829
784210646
784466277
784486998
784408146
784468381
784379857
784338853
784520947
784382231
784510057
784512148
784448449
784423367
784545895
784482544
