16653933
21127087
64681245
63215331
12246575
18273174
50903872
9139675
18539426
53507670
23493775
23487238
33109557
24085420
3190482
31477878
21915964
63980054
64026535
60508400
4107211
15233093
24146745
30940502
22172142
23511756
27546767
54785727
11789625
23501708
37122480
23517920
9921731
34088078
64681257
31284100
51959310
14927796
9306008
64017240
19380418
7898936
7541887
35258059
64016934
11450647
64016936
11902994
63979585
25296085
64032262
23501654
23488417
11799437
60650027
40376433
23515767
11831066
21506128
63979534
28060740
23484530
21732074
29895525
61627040
12077485
13886489
21488375
74920770
64677447
29896782
43439966
22164999
23486057
41371191
63220617
64021046
63980088
11853213
12629786
64017071
64025468
12809380
6156598
64025465
64025467
44662815
63979954
63979956
31284111
63978134
11806461
60498241
64680594
11790613
30329575
11034817
8985376
63979399
64092437
64016960
11851753
32475587
63602032
23500434
18969205
22723153
12144133
42847279
13223578
15644312
25342556
29061119
64057785
14254136
31084397
6781171
7872521
51009224
43745601
64026059
27235994
17894585
23514592
21502418
12880162
19335727
23516333
13657124
22365985
21788133
47115629
23510494
29266822
31086282
8962151
23140412
15541321
12571991
64016904
64753312
64016906
228700409
10970967
23503010
64017195
37924414
21438662
6853084
33996268
23510529
