176679475
16991613
82633219
79558989
178480433
27754073
28544949
78314267
175693294
20379995
177231284
26520727
26601066
81709505
42914948
33298543
175739887
15269873
36656961
177016952
6837692
175804944
178660241
178229063
178593384
55762254
42967690
31193001
40841589
23493144
175979623
175692343
25829436
175627909
26601182
264658403
42866472
176032167
22319143
28706309
42866669
36463521
176025604
176046511
175800781
178422129
34437528
24928536
179132879
178667818
29701117
20146226
42808651
42915152
43493102
122868391
25342956
27063484
33109703
10484905
41827270
42893431
27112939
178299936
20553006
42644873
177913289
16129652
42849888
81804737
176755647
84496314
22392718
15104454
178251672
640133834
28765534
7527959
37957104
23521770
6744006
179682633
177791245
33960248
178538973
42819445
11023768
43450644
79619823
175994411
175376915
8444789
178694406
176688725
17023560
176220972
42866858
175394680
177553842
32822595
32626868
178289026
177959350
28706575
18904706
175552454
49364020
31707086
30475702
178687159
25725303
178491296
25521296
83431856
39342116
42866678
177671428
20388619
40553826
214985996
6779148
42850677
22190709
23492118
50578998
221778998
36736495
176216647
35185624
176547515
23512743
176001209
175567240
42882441
42856735
33456350
178307759
178399999
25043814
25725320
32540553
176497122
42899018
42893016
23521081
175641505
37010680
175437291
42865662
25345038
176026407
233573679
42867086
17606908
176051531
32477556
5257545
178217100
176272393
178189832
5234862
175740358
176762789
176021691
22321437
63548674
175800491
14689162
27152013
179132937
25653334
4442179
177390238
77880340
43538124
22066904
178377517
28000340
28543412
15525585
177208777
20480166
175577438
22319221
179132911
178698473
178411436
22895938
176623518
175655172
80936316
35085428
16838911
177180880
17381615
25725324
19273467
177217310
23369649
40556209
175634493
175415917
22322325
30477694
42866740
22907166
32787943
177381929
26476480
36938157
78038190
12343766
179092177
23498175
26231914
25344974
175436801
178116770
176272656
31692607
178305535
178413950
42942612
42871879
83624322
27754327
15133425
177245139
178239089
42942619
17235532
42850301
21390035
31929238
23510487
