784319963
784376629
784325514
784366698
784325511
784493396
784398912
33302610
784364641
784315806
784320896
784371742
784493592
784321018
784408438
784325689
784471219
784346143
784341381
784322532
784319846
784327321
47247531
784423315
784320709
784323202
784319013
784312378
784320147
784320149
784329570
784332607
784482552
784345737
784320705
784394344
784491200
784337333
784325692
784487518
784302201
784313585
784302206
784328019
784302045
784313749
784321005
784339859
784449833
784325886
784378910
253900582
784313503
784378721
784370571
784492440
784303801
784324291
784477118
784303805
784324355
784319925
784304528
784310803
784537067
784323540
784322318
784325684
784325476
784462196
784325682
784540691
784492263
784311283
784520761
784339209
784311325
784458382
784325706
784357584
784311288
784303679
784311490
784422994
784317842
784301983
784337844
784363618
784325875
784331111
784320048
784491955
784332360
784329557
784313506
784393382
784312146
784484976
784302192
784334204
784346134
784325903
784378792
784325672
784322304
784370355
784537070
784359309
784325679
784334340
784528807
784378554
784320007
784328035
784338599
784484860
784329325
784339846
784519431
784302105
784398269
784311359
784390641
784319205
784319204
784363782
784301993
784324299
784319948
784485370
784339211
784477132
784363755
784347752
784319729
784296505
784540780
784319841
784313553
784393291
784304378
784313556
784304375
36764072
784327967
784369393
784312435
784315771
784398094
784302177
784321113
784341402
784311132
784328040
784363584
784334212
784374112
784363812
784321505
784339208
784373388
784449806
784408056
784311430
784487656
784324280
784414766
784370217
784325851
784320696
784528946
784319930
784339833
784325529
784335796
784324300
784320864
784482558
784372817
784339400
784313549
784334522
784489736
68577606
784485579
784318119
784358531
784409801
784321281
784324028
784485570
10940319
784328245
784364728
784484770
784302005
784364800
42552109
784311378
784325494
784377606
784362431
784325505
784319069
784311442
784339847
784302080
784312371
784319922
784408358
784489333
784319864
784378644
784408092
784325530
784337456
784323189
784325655
784338730
784408428
784328027
784339156
784324035
784334818
784366729
784456581
784398346
784339825
784319779
784538140
784399009
784403841
784370435
784325487
784338869
784369235
784369371
784319913
784316368
784319911
784528963
784323264
784320677
784321270
784393290
784408427
784322519
784320167
784334358
784393347
784311399
784323190
784325508
784364672
784325506
784325502
784334960
784311391
784317849
784312406
784325500
784409821
784487460
784326931
784505710
784489795
784326935
784366335
784338914
784507339
784327917
784339768
784408060
784314996
784363748
784408064
784315780
784408068
784398304
784363741
784300840
784321460
784313742
784303581
784366318
784320016
784489694
784363847
784493573
784312083
784341488
784320154
784334476
