784433224
784399987
784382526
784292286
784210402
784186428
784369566
784504618
31050902
784434594
784294744
784366305
784352645
784402100
784419337
784406770
784222218
784218335
784218330
318939331
784272300
784534669
54517013
784365700
28706309
784393571
784316784
784210316
784366374
784448621
784347886
784331162
784293579
784436632
784402111
784321241
784334341
784222045
784328098
784210733
41099653
180538388
784458344
784559079
784511027
33922900
784430358
784510141
784287598
784409650
784528804
784218287
784339189
784246684
784210336
784360729
784209290
784339212
48667398
316072637
784394493
784216874
784336982
784216878
784218291
784332318
784507990
784249422
784520450
912706637
18347552
784221919
784264310
784221913
30505497
784291054
784539272
784281358
784408054
784280065
784441325
784424555
784334541
784436373
733996175
784221869
784453239
784289002
784554893
784401186
784401982
784339486
67308087
784246464
784324021
40556232
784389827
784366661
784482333
784320662
784218275
784505715
784351289
784424674
784317836
784455023
784211962
784207012
784221874
784424589
123010330
784328104
784450020
784458301
784339081
784430383
784374634
784456772
784218415
784319917
784319916
784218312
784181335
784211971
784453187
784472359
784450230
784291115
784211763
784218296
784430363
784394277
784227892
784292924
40971657
784218292
784522346
784291902
784545896
784332354
