42866770
19120697
44658720
5467330
36690523
43655455
47813203
49787004
22590727
39494080
42866659
21540347
43517969
45068246
29737739
48786901
47865314
48382555
47850974
45063795
16964871
47883039
80309485
84444787
24979916
49416964
41069482
26122705
45890060
45123598
40732807
13883854
480089456
40974970
22578430
31907225
19358689
20047313
47755459
24876530
47716546
33922082
24450375
23515654
17931236
48251766
49333693
42899089
48177702
21577322
48210166
45068310
45063705
10936967
40985727
19614829
80567431
10552363
46322140
19475115
49340338
31300720
504979948
40245076
21659895
6776657
22095542
43057992
17754691
45890055
17452084
29227191
47911821
506306034
48248259
18317559
44051077
48210254
