784448845
784205351
784456406
784321154
784504586
784369561
784521766
784560498
784421582
784577279
784510965
784539402
784464202
784390376
784456419
784339767
784292193
784365474
784513332
784454844
784425762
784452189
784484968
784456957
784401805
784449193
784244895
784401196
784448973
784459451
784429319
784450775
784385511
784182123
784327306
784247745
784301981
784456380
784393389
784182291
784459591
784534671
784205414
784469981
784508326
784272205
784395759
784456336
784411079
784456231
784303824
784468181
784508233
784389190
784319125
936117272
784429154
936117091
784445226
784449827
784458080
784427189
784468280
784287830
784463644
784391956
784554533
784469047
784358278
784410908
784291125
784409879
784402907
784503953
784342756
784403099
784280066
784414763
784395858
784320923
784457993
784401184
784419268
784284950
784449226
784472457
784510073
784304811
784456840
784395909
784450167
784526278
784200446
784296548
784322192
784458199
784407444
784402927
784449030
784289451
784413737
784453553
784511813
784463653
784375716
784408452
784400293
784303624
784454864
784402177
784257760
784381066
784409785
