122777367
249744602
476365033
80124617
16369333
82203598
55482482
652033757
7466237
122714913
6131227
476966583
23501185
35073543
476961292
55484463
230587897
83733140
476911804
16838911
187380807
28784904
80032173
477178512
249844082
80090942
23487854
23521609
60505722
476964864
83096091
187312845
33993880
16111773
8638551
9420145
43655092
78433416
19895098
67307876
67307870
477178501
477007826
29797129
476961147
49482777
122887512
21994863
264248552
862567664
476964996
26034449
13891303
20566136
22408602
18576592
58666216
865195626
68140969
244107541
13079258
153778922
222721773
81402880
55507715
44657337
18172175
48197888
18081952
416548958
21480229
43845077
49475105
488289883
29944442
416447588
6842571
476911790
25225104
18358739
7621935
20381626
476981645
23054968
10168520
253699701
40977854
122637067
23506601
419328425
29344270
40971793
122765136
42862555
23121410
77742760
19832390
21489509
202364177
30452536
122773697
476986076
27113682
40975308
36568382
33857349
85099604
478016433
16894278
24889182
40915702
29371378
44624610
183094399
44639130
477058286
8616521
144694561
18207522
