13079051
41100241
8350439
643629946
21540347
37977147
34482286
35790811
23494110
9332240
12107982
23499334
740283334
23513311
20517946
43746018
42961815
23498006
909881
16464598
64025549
64033802
64025444
22674399
64026165
22379950
11789148
26141013
23506049
55537821
12016649
64677304
18330499
61553541
22324785
19372870
8272044
63977416
8556953
9001988
64013233
63979355
13885046
10218525
23515909
42875542
17298980
30715799
7809829
15246246
31925281
23485088
26344990
21376418
10409760
43241967
64025416
18688988
276982079
23515010
29780235
9007275
435979748
16151649
13656823
9267970
47063745
23482038
13090940
9887777
25024585
64017528
52315013
10938765
23519916
13095721
23484893
64680545
12748361
185042725
64021045
16625805
