1043397
1132330
1204560
1370143
150741
1682378
1894738
1894799
2019934
2023349
2024767
2032487
2236833
22963
24367
29842
3054855
3058885
3058897
3058898
3058920
3058973
3059125
3059248
3062939
3063212
3063239
3063243
3063327
3063330
3063331
3063350
3063357
3063371
3063514
3063552
3066517
3067671
3068009
3068038
3068040
3068044
3068048
3068055
3068058
3068059
3068067
3068072
3068080
3068301
3068322
3068330
3068384
3068407
3068414
3068428
3068436
3068455
3068471
3068491
3068493
3068511
3068518
3071180
3071249
3071251
3071447
3071582
3072013
3072015
3072085
3072149
3072161
3072223
3072288
3072480
3072607
3072728
3072729
3072760
3072800
3072817
3072831
3072900
3072910
3072932
3073394
3073589
3073604
3073605
3073616
3073633
3073644
3073649
3073735
3073746
3073837
3073849
3073880
3073893
3073930
3073931
3073966
3073994
3074024
3074041
3074045
3074099
3074117
3074119
3076302
3076326
3076334
3076390
3076395
3076419
3076555
3076644
3076706
3076739
3076752
3076788
3076797
3076802
3076822
3076855
3077327
3077363
3079321
3079331
3079390
3079834
3080187
3080522
3080597
3082675
3088638
3088766
3089938
3093050
3110047
3110176
3110180
3110526
3121197
3121264
3122228
3122748
3127226
3128238
3129030
3129288
3170735
3177056
3177076
3178950
3233725
3233727
3233742
3233756
3233760
3235311
3235684
3235918
3235920
3235925
3266266
3269990
3279353
3368431
3368439
3369401
3375569
35124
36623
4893617
52392
578698
595422
596447
598408
613823
630200
639631
668267
668867
755849
796279
799398
9511444
991970
