318940412
29622400
33923309
181661329
977150740
264966875
28060740
236019860
32202527
122993721
8856310
26880298
23129268
40975443
60506421
122726230
33994721
43855736
20122072
54868361
223405544
60506401
60505818
23507729
60506284
60506409
318939250
1112608489
60506569
23508372
54306955
60506604
60505857
957301392
45678911
23511978
21555849
1004393413
23490753
44812636
32523007
29880381
44102414
60506379
23487595
28543797
60505888
60505889
9724166
213746312
60506413
67309360
843856375
29706243
34520201
1112493303
60506044
